# NDIV =     2000 dE=      0.01500750
#    energy (ev)           dos 
    -20.00000000       0.00000000
    -19.98499250       0.00000000
    -19.96998499       0.00000000
    -19.95497749       0.00000000
    -19.93996998       0.00000000
    -19.92496248       0.00000000
    -19.90995498       0.00000000
    -19.89494747       0.00000000
    -19.87993997       0.00000000
    -19.86493247       0.00000000
    -19.84992496       0.00000000
    -19.83491746       0.00000000
    -19.81990995       0.00000001
    -19.80490245       0.00000002
    -19.78989495       0.00000005
    -19.77488744       0.00000014
    -19.75987994       0.00000035
    -19.74487244       0.00000087
    -19.72986493       0.00000207
    -19.71485743       0.00000479
    -19.69984992       0.00001068
    -19.68484242       0.00002303
    -19.66983492       0.00004804
    -19.65482741       0.00009694
    -19.63981991       0.00018924
    -19.62481241       0.00035747
    -19.60980490       0.00065354
    -19.59479740       0.00115659
    -19.57978989       0.00198190
    -19.56478239       0.00328924
    -19.54977489       0.00528879
    -19.53476738       0.00824170
    -19.51975988       0.01245234
    -19.50475238       0.01824960
    -19.48974487       0.02595658
    -19.47473737       0.03584970
    -19.45972986       0.04811220
    -19.44472236       0.06278890
    -19.42971486       0.07975152
    -19.41470735       0.09868312
    -19.39969985       0.11908784
    -19.38469235       0.14032759
    -19.36968484       0.16168165
    -19.35467734       0.18242002
    -19.33966983       0.20187831
    -19.32466233       0.21952142
    -19.30965483       0.23498607
    -19.29464732       0.24809682
    -19.27963982       0.25885608
    -19.26463232       0.26741329
    -19.24962481       0.27402163
    -19.23461731       0.27899136
    -19.21960980       0.28264745
    -19.20460230       0.28529686
    -19.18959480       0.28720732
    -19.17458729       0.28859735
    -19.15957979       0.28963515
    -19.14457229       0.29044342
    -19.12956478       0.29110734
    -19.11455728       0.29168330
    -19.09954977       0.29220696
    -19.08454227       0.29269994
    -19.06953477       0.29317476
    -19.05452726       0.29363837
    -19.03951976       0.29409451
    -19.02451226       0.29454508
    -19.00950475       0.29499101
    -18.99449725       0.29543274
    -18.97948974       0.29587048
    -18.96448224       0.29630431
    -18.94947474       0.29673425
    -18.93446723       0.29716032
    -18.91945973       0.29758250
    -18.90445223       0.29800077
    -18.88944472       0.29841512
    -18.87443722       0.29882553
    -18.85942971       0.29923198
    -18.84442221       0.29963446
    -18.82941471       0.30003295
    -18.81440720       0.30042746
    -18.79939970       0.30081796
    -18.78439220       0.30120447
    -18.76938469       0.30158698
    -18.75437719       0.30196549
    -18.73936968       0.30234000
    -18.72436218       0.30271051
    -18.70935468       0.30307704
    -18.69434717       0.30343957
    -18.67933967       0.30379811
    -18.66433217       0.30415266
    -18.64932466       0.30450324
    -18.63431716       0.30484985
    -18.61930965       0.30519249
    -18.60430215       0.30553118
    -18.58929465       0.30586592
    -18.57428714       0.30619671
    -18.55927964       0.30652357
    -18.54427214       0.30684649
    -18.52926463       0.30716549
    -18.51425713       0.30748056
    -18.49924962       0.30779172
    -18.48424212       0.30809897
    -18.46923462       0.30840234
    -18.45422711       0.30870183
    -18.43921961       0.30899745
    -18.42421211       0.30928923
    -18.40920460       0.30957718
    -18.39419710       0.30986133
    -18.37918959       0.31014168
    -18.36418209       0.31041827
    -18.34917459       0.31069110
    -18.33416708       0.31096020
    -18.31915958       0.31122560
    -18.30415208       0.31148732
    -18.28914457       0.31174539
    -18.27413707       0.31199980
    -18.25912956       0.31225059
    -18.24412206       0.31249776
    -18.22911456       0.31274134
    -18.21410705       0.31298136
    -18.19909955       0.31321783
    -18.18409205       0.31345076
    -18.16908454       0.31368014
    -18.15407704       0.31390601
    -18.13906953       0.31412842
    -18.12406203       0.31434743
    -18.10905453       0.31456308
    -18.09404702       0.31477538
    -18.07903952       0.31498431
    -18.06403202       0.31518989
    -18.04902451       0.31539218
    -18.03401701       0.31559127
    -18.01900950       0.31578724
    -18.00400200       0.31598007
    -17.98899450       0.31616966
    -17.97398699       0.31635596
    -17.95897949       0.31653903
    -17.94397199       0.31671901
    -17.92896448       0.31689607
    -17.91395698       0.31707026
    -17.89894947       0.31724147
    -17.88394197       0.31740953
    -17.86893447       0.31757437
    -17.85392696       0.31773614
    -17.83891946       0.31789518
    -17.82391196       0.31805172
    -17.80890445       0.31820577
    -17.79389695       0.31835703
    -17.77888944       0.31850517
    -17.76388194       0.31865008
    -17.74887444       0.31879207
    -17.73386693       0.31893169
    -17.71885943       0.31906933
    -17.70385193       0.31920491
    -17.68884442       0.31933786
    -17.67383692       0.31946758
    -17.65882941       0.31959388
    -17.64382191       0.31971725
    -17.62881441       0.31983864
    -17.61380690       0.31995876
    -17.59879940       0.32007756
    -17.58379190       0.32019418
    -17.56878439       0.32030749
    -17.55377689       0.32041696
    -17.53876938       0.32052316
    -17.52376188       0.32062752
    -17.50875438       0.32073140
    -17.49374687       0.32083510
    -17.47873937       0.32093753
    -17.46373187       0.32103683
    -17.44872436       0.32113164
    -17.43371686       0.32122213
    -17.41870935       0.32131013
    -17.40370185       0.32139804
    -17.38869435       0.32148725
    -17.37368684       0.32157708
    -17.35867934       0.32166500
    -17.34367184       0.32174819
    -17.32866433       0.32182544
    -17.31365683       0.32189817
    -17.29864932       0.32196979
    -17.28364182       0.32204369
    -17.26863432       0.32212100
    -17.25362681       0.32219966
    -17.23861931       0.32227544
    -17.22361181       0.32234446
    -17.20860430       0.32240576
    -17.19359680       0.32246221
    -17.17858929       0.32251913
    -17.16358179       0.32258112
    -17.14857429       0.32264920
    -17.13356678       0.32271981
    -17.11855928       0.32278662
    -17.10355178       0.32284416
    -17.08854427       0.32289127
    -17.07353677       0.32293218
    -17.05852926       0.32297449
    -17.04352176       0.32302492
    -17.02851426       0.32308527
    -17.01350675       0.32315092
    -16.99849925       0.32321308
    -16.98349175       0.32326353
    -16.96848424       0.32329949
    -16.95347674       0.32332565
    -16.93846923       0.32335210
    -16.92346173       0.32338905
    -16.90845423       0.32344104
    -16.89344672       0.32350402
    -16.87843922       0.32356693
    -16.86343172       0.32361741
    -16.84842421       0.32364848
    -16.83341671       0.32366283
    -16.81840920       0.32367203
    -16.80340170       0.32369089
    -16.78839420       0.32372973
    -16.77338669       0.32378855
    -16.75837919       0.32385632
    -16.74337169       0.32391614
    -16.72836418       0.32395374
    -16.71335668       0.32396518
    -16.69834917       0.32395955
    -16.68334167       0.32395512
    -16.66833417       0.32397053
    -16.65332666       0.32401523
    -16.63831916       0.32408416
    -16.62331166       0.32415944
    -16.60830415       0.32421860
    -16.59329665       0.32424566
    -16.57828914       0.32423940
    -16.56328164       0.32421491
    -16.54827414       0.32419702
    -16.53326663       0.32420873
    -16.51825913       0.32425986
    -16.50325163       0.32434159
    -16.48824412       0.32442971
    -16.47323662       0.32449547
    -16.45822911       0.32451908
    -16.44322161       0.32449956
    -16.42821411       0.32445626
    -16.41320660       0.32442073
    -16.39819910       0.32442263
    -16.38319160       0.32447580
    -16.36818409       0.32457113
    -16.35317659       0.32467960
    -16.33816908       0.32476471
    -16.32316158       0.32479875
    -16.30815408       0.32477584
    -16.29314657       0.32471559
    -16.27813907       0.32465547
    -16.26313157       0.32463486
    -16.24812406       0.32467760
    -16.23311656       0.32478079
    -16.21810905       0.32491489
    -16.20310155       0.32503557
    -16.18809405       0.32510242
    -16.17308654       0.32509673
    -16.15807904       0.32503050
    -16.14307154       0.32494251
    -16.12806403       0.32488283
    -16.11305653       0.32489192
    -16.09804902       0.32498309
    -16.08304152       0.32513582
    -16.06803402       0.32530309
    -16.05302651       0.32543007
    -16.03801901       0.32547670
    -16.02301151       0.32543483
    -16.00800400       0.32533284
    -15.99299650       0.32522530
    -15.97798899       0.32517158
    -15.96298149       0.32521187
    -15.94797399       0.32535020
    -15.93296648       0.32555157
    -15.91795898       0.32575469
    -15.90295148       0.32589563
    -15.88794397       0.32593325
    -15.87293647       0.32586626
    -15.85792896       0.32573510
    -15.84292146       0.32560739
    -15.82791396       0.32555231
    -15.81290645       0.32561372
    -15.79789895       0.32579231
    -15.78289145       0.32604400
    -15.76788394       0.32629557
    -15.75287644       0.32647187
    -15.73786893       0.32652449
    -15.72286143       0.32645099
    -15.70785393       0.32629724
    -15.69284642       0.32614146
    -15.67783892       0.32606583
    -15.66283142       0.32612584
    -15.64782391       0.32632887
    -15.63281641       0.32663016
    -15.61780890       0.32694794
    -15.60280140       0.32719252
    -15.58779390       0.32729906
    -15.57278639       0.32725190
    -15.55777889       0.32709161
    -15.54277139       0.32690181
    -15.52776388       0.32678002
    -15.51275638       0.32680299
    -15.49774887       0.32699869
    -15.48274137       0.32733506
    -15.46773387       0.32773005
    -15.45272636       0.32807950
    -15.43771886       0.32829339
    -15.42271136       0.32832792
    -15.40770385       0.32820190
    -15.39269635       0.32799173
    -15.37768884       0.32780615
    -15.36268134       0.32774937
    -15.34767384       0.32788497
    -15.33266633       0.32821314
    -15.31765883       0.32866924
    -15.30265133       0.32914450
    -15.28764382       0.32952217
    -15.27263632       0.32971703
    -15.25762881       0.32970492
    -15.24262131       0.32953221
    -15.22761381       0.32930168
    -15.21260630       0.32913933
    -15.19759880       0.32915287
    -15.18259130       0.32939562
    -15.16758379       0.32984786
    -15.15257629       0.33042191
    -15.13756878       0.33098978
    -15.12256128       0.33142435
    -15.10755378       0.33164102
    -15.09254627       0.33162624
    -15.07753877       0.33144323
    -15.06253127       0.33121308
    -15.04752376       0.33107671
    -15.03251626       0.33114995
    -15.01750875       0.33148604
    -15.00250125       0.33205758
    -14.98749375       0.33276401
    -14.97248624       0.33346241
    -14.95747874       0.33401215
    -14.94247124       0.33431943
    -14.92746373       0.33436764
    -14.91245623       0.33422401
    -14.89744872       0.33402010
    -14.88244122       0.33391194
    -14.86743372       0.33403200
    -14.85242621       0.33444784
    -14.83741871       0.33514034
    -14.82241121       0.33600837
    -14.80740370       0.33689888
    -14.79239620       0.33765331
    -14.77738869       0.33815618
    -14.76238119       0.33837124
    -14.74737369       0.33835377
    -14.73236618       0.33823541
    -14.71735868       0.33818571
    -14.70235118       0.33836182
    -14.68734367       0.33886135
    -14.67233617       0.33969260
    -14.65732866       0.34077114
    -14.64232116       0.34194409
    -14.62731366       0.34303519
    -14.61230615       0.34389733
    -14.59729865       0.34445707
    -14.58229115       0.34473793
    -14.56728364       0.34485526
    -14.55227614       0.34498413
    -14.53726863       0.34530940
    -14.52226113       0.34597255
    -14.50725363       0.34703071
    -14.49224612       0.34843995
    -14.47723862       0.35006796
    -14.46223112       0.35173254
    -14.44722361       0.35325515
    -14.43221611       0.35451415
    -14.41720860       0.35548237
    -14.40220110       0.35623823
    -14.38719360       0.35694694
    -14.37218609       0.35781716
    -14.35717859       0.35904525
    -14.34217109       0.36076347
    -14.32716358       0.36300666
    -14.31215608       0.36570766
    -14.29714857       0.36872296
    -14.28214107       0.37188185
    -14.26713357       0.37504556
    -14.25212606       0.37815951
    -14.23711856       0.38128374
    -14.22211106       0.38459145
    -14.20710355       0.38833456
    -14.19209605       0.39278307
    -14.17708854       0.39815207
    -14.16208104       0.40453358
    -14.14707354       0.41184888
    -14.13206603       0.41983279
    -14.11705853       0.42805329
    -14.10205103       0.43596264
    -14.08704352       0.44296886
    -14.07203602       0.44851311
    -14.05702851       0.45213753
    -14.04202101       0.45353184
    -14.02701351       0.45255164
    -14.01200600       0.44920897
    -13.99699850       0.44364117
    -13.98199100       0.43606893
    -13.96698349       0.42675550
    -13.95197599       0.41597719
    -13.93696848       0.40401053
    -13.92196098       0.39113532
    -13.90695348       0.37764719
    -13.89194597       0.36386954
    -13.87693847       0.35015490
    -13.86193097       0.33686900
    -13.84692346       0.32435708
    -13.83191596       0.31289878
    -13.81690845       0.30266311
    -13.80190095       0.29367723
    -13.78689345       0.28582011
    -13.77188594       0.27884667
    -13.75687844       0.27243932
    -13.74187094       0.26627638
    -13.72686343       0.26010126
    -13.71185593       0.25377567
    -13.69684842       0.24730323
    -13.68184092       0.24081751
    -13.66683342       0.23453720
    -13.65182591       0.22869965
    -13.63681841       0.22348949
    -13.62181091       0.21898061
    -13.60680340       0.21510714
    -13.59179590       0.21167208
    -13.57678839       0.20839293
    -13.56178089       0.20497385
    -13.54677339       0.20118573
    -13.53176588       0.19693189
    -13.51675838       0.19227924
    -13.50175088       0.18744342
    -13.48674337       0.18272915
    -13.47173587       0.17844107
    -13.45672836       0.17479078
    -13.44172086       0.17182881
    -13.42671336       0.16942381
    -13.41170585       0.16729768
    -13.39669835       0.16510719
    -13.38169085       0.16254751
    -13.36668334       0.15944530
    -13.35167584       0.15581170
    -13.33666833       0.15183847
    -13.32166083       0.14783913
    -13.30665333       0.14415469
    -13.29164582       0.14105533
    -13.27663832       0.13867020
    -13.26163082       0.13696821
    -13.24662331       0.13579585
    -13.23161581       0.13495964
    -13.21660830       0.13432670
    -13.20160080       0.13391123
    -13.18659330       0.13391913
    -13.17158579       0.13473577
    -13.15657829       0.13685837
    -13.14157079       0.14079067
    -13.12656328       0.14692708
    -13.11155578       0.15545638
    -13.09654827       0.16630799
    -13.08154077       0.17915263
    -13.06653327       0.19345414
    -13.05152576       0.20855718
    -13.03651826       0.22378803
    -13.02151076       0.23854473
    -13.00650325       0.25235857
    -12.99149575       0.26491851
    -12.97648824       0.27606095
    -12.96148074       0.28573582
    -12.94647324       0.29396444
    -12.93146573       0.30080360
    -12.91645823       0.30632495
    -12.90145073       0.31061172
    -12.88644322       0.31376760
    -12.87143572       0.31592886
    -12.85642821       0.31727002
    -12.84142071       0.31799735
    -12.82641321       0.31832933
    -12.81140570       0.31846908
    -12.79639820       0.31857673
    -12.78139070       0.31875057
    -12.76638319       0.31902237
    -12.75137569       0.31936832
    -12.73636818       0.31973158
    -12.72136068       0.32004938
    -12.70635318       0.32027665
    -12.69134567       0.32039982
    -12.67633817       0.32043820
    -12.66133067       0.32043417
    -12.64632316       0.32043692
    -12.63131566       0.32048604
    -12.61630815       0.32060026
    -12.60130065       0.32077484
    -12.58629315       0.32098732
    -12.57128564       0.32120888
    -12.55627814       0.32141667
    -12.54127064       0.32160293
    -12.52626313       0.32177835
    -12.51125563       0.32196987
    -12.49624812       0.32221506
    -12.48124062       0.32255647
    -12.46623312       0.32303839
    -12.45122561       0.32370705
    -12.43621811       0.32461324
    -12.42121061       0.32581541
    -12.40620310       0.32738149
    -12.39119560       0.32938826
    -12.37618809       0.33191845
    -12.36118059       0.33505628
    -12.34617309       0.33888187
    -12.33116558       0.34346455
    -12.31615808       0.34885467
    -12.30115058       0.35507357
    -12.28614307       0.36210203
    -12.27113557       0.36986858
    -12.25612806       0.37823995
    -12.24112056       0.38701591
    -12.22611306       0.39593096
    -12.21110555       0.40466442
    -12.19609805       0.41285937
    -12.18109055       0.42014987
    -12.16608304       0.42619408
    -12.15107554       0.43070938
    -12.13606803       0.43350435
    -12.12106053       0.43450172
    -12.10605303       0.43374762
    -12.09104552       0.43140436
    -12.07603802       0.42772765
    -12.06103052       0.42303223
    -12.04602301       0.41765274
    -12.03101551       0.41190702
    -12.01600800       0.40606826
    -12.00100050       0.40034909
    -11.98599300       0.39489776
    -11.97098549       0.38980381
    -11.95597799       0.38510879
    -11.94097049       0.38081847
    -11.92596298       0.37691381
    -11.91095548       0.37335985
    -11.89594797       0.37011296
    -11.88094047       0.36712696
    -11.86593297       0.36435849
    -11.85092546       0.36177102
    -11.83591796       0.35933675
    -11.82091046       0.35703609
    -11.80590295       0.35485501
    -11.79089545       0.35278162
    -11.77588794       0.35080363
    -11.76088044       0.34890771
    -11.74587294       0.34708080
    -11.73086543       0.34531241
    -11.71585793       0.34359633
    -11.70085043       0.34193068
    -11.68584292       0.34031601
    -11.67083542       0.33875248
    -11.65582791       0.33723760
    -11.64082041       0.33576566
    -11.62581291       0.33432913
    -11.61080540       0.33292129
    -11.59579790       0.33153845
    -11.58079040       0.33018074
    -11.56578289       0.32885087
    -11.55077539       0.32755168
    -11.53576788       0.32628382
    -11.52076038       0.32504471
    -11.50575288       0.32382937
    -11.49074537       0.32263248
    -11.47573787       0.32145063
    -11.46073037       0.32028335
    -11.44572286       0.31913260
    -11.43071536       0.31800111
    -11.41570785       0.31689045
    -11.40070035       0.31579999
    -11.38569285       0.31472720
    -11.37068534       0.31366893
    -11.35567784       0.31262286
    -11.34067034       0.31158822
    -11.32566283       0.31056554
    -11.31065533       0.30955565
    -11.29564782       0.30855872
    -11.28064032       0.30757402
    -11.26563282       0.30660045
    -11.25062531       0.30563752
    -11.23561781       0.30468584
    -11.22061031       0.30374674
    -11.20560280       0.30282109
    -11.19059530       0.30190801
    -11.17558779       0.30100446
    -11.16058029       0.30010635
    -11.14557279       0.29921059
    -11.13056528       0.29831725
    -11.11555778       0.29743019
    -11.10055028       0.29655563
    -11.08554277       0.29569897
    -11.07053527       0.29486143
    -11.05552776       0.29403845
    -11.04052026       0.29322099
    -11.02551276       0.29239955
    -11.01050525       0.29156905
    -10.99549775       0.29073211
    -10.98049025       0.28989871
    -10.96548274       0.28908189
    -10.95047524       0.28829143
    -10.93546773       0.28752839
    -10.92046023       0.28678354
    -10.90545273       0.28604088
    -10.89044522       0.28528510
    -10.87543772       0.28450965
    -10.86043022       0.28372161
    -10.84542271       0.28294076
    -10.83041521       0.28219339
    -10.81540770       0.28150379
    -10.80040020       0.28088819
    -10.78539270       0.28035516
    -10.77038519       0.27991344
    -10.75537769       0.27958478
    -10.74037019       0.27941616
    -10.72536268       0.27948559
    -10.71035518       0.27989758
    -10.69534767       0.28076835
    -10.68034017       0.28220483
    -10.66533267       0.28428382
    -10.65032516       0.28703725
    -10.63531766       0.29044700
    -10.62031016       0.29444873
    -10.60530265       0.29894148
    -10.59029515       0.30379845
    -10.57528764       0.30887582
    -10.56028014       0.31401897
    -10.54527264       0.31906773
    -10.53026513       0.32386386
    -10.51525763       0.32826245
    -10.50025013       0.33214676
    -10.48524262       0.33544308
    -10.47023512       0.33813074
    -10.45522761       0.34024292
    -10.44022011       0.34185688
    -10.42521261       0.34307566
    -10.41020510       0.34400658
    -10.39519760       0.34474259
    -10.38019010       0.34535132
    -10.36518259       0.34587321
    -10.35017509       0.34632710
    -10.33516758       0.34671927
    -10.32016008       0.34705198
    -10.30515258       0.34732926
    -10.29014507       0.34755945
    -10.27513757       0.34775586
    -10.26013007       0.34793654
    -10.24512256       0.34812347
    -10.23011506       0.34834037
    -10.21510755       0.34860809
    -10.20010005       0.34893789
    -10.18509255       0.34932463
    -10.17008504       0.34974342
    -10.15507754       0.35015273
    -10.14007004       0.35050526
    -10.12506253       0.35076399
    -10.11005503       0.35091805
    -10.09504752       0.35099178
    -10.08004002       0.35104203
    -10.06503252       0.35114288
    -10.05002501       0.35136187
    -10.03501751       0.35173571
    -10.02001001       0.35225445
    -10.00500250       0.35286054
     -9.98999500       0.35346415
     -9.97498749       0.35397030
     -9.95997999       0.35430890
     -9.94497249       0.35445768
     -9.92996498       0.35445046
     -9.91495748       0.35436816
     -9.89994997       0.35431567
     -9.88494247       0.35439234
     -9.86993497       0.35466483
     -9.85492746       0.35514997
     -9.83991996       0.35581115
     -9.82491246       0.35656807
     -9.80990495       0.35731600
     -9.79489745       0.35794970
     -9.77988994       0.35838695
     -9.76488244       0.35858764
     -9.74987494       0.35856520
     -9.73486743       0.35838782
     -9.71985993       0.35816793
     -9.70485243       0.35804002
     -9.68984492       0.35812970
     -9.67483742       0.35852037
     -9.65982991       0.35922613
     -9.64482241       0.36017992
     -9.62981491       0.36124298
     -9.61480740       0.36223571
     -9.59979990       0.36298347
     -9.58479240       0.36336511
     -9.56978489       0.36335002
     -9.55477739       0.36301218
     -9.53976988       0.36251568
     -9.52476238       0.36207479
     -9.50975488       0.36189886
     -9.49474737       0.36213695
     -9.47973987       0.36283725
     -9.46473237       0.36393223
     -9.44972486       0.36525353
     -9.43471736       0.36657271
     -9.41970985       0.36765750
     -9.40470235       0.36832917
     -9.38969485       0.36850723
     -9.37468734       0.36823034
     -9.35967984       0.36764889
     -9.34467234       0.36699086
     -9.32966483       0.36650894
     -9.31465733       0.36642079
     -9.29964982       0.36685604
     -9.28464232       0.36782233
     -9.26963482       0.36919910
     -9.25462731       0.37076202
     -9.23961981       0.37223398
     -9.22461231       0.37335208
     -9.20960480       0.37393461
     -9.19459730       0.37393075
     -9.17958979       0.37343827
     -9.16458229       0.37268251
     -9.14957479       0.37196003
     -9.13456728       0.37156129
     -9.11955978       0.37169365
     -9.10455228       0.37242683
     -9.08954477       0.37367676
     -9.07453727       0.37523207
     -9.05952976       0.37681434
     -9.04452226       0.37815326
     -9.02951476       0.37905445
     -9.01450725       0.37944156
     -8.99949975       0.37936399
     -8.98449225       0.37897254
     -8.96948474       0.37847436
     -8.95447724       0.37808184
     -8.93946973       0.37796875
     -8.92446223       0.37824124
     -8.90945473       0.37892577
     -8.89444722       0.37997163
     -8.87943972       0.38126425
     -8.86443222       0.38264614
     -8.84942471       0.38394333
     -8.83441721       0.38499532
     -8.81940970       0.38568547
     -8.80440220       0.38596674
     -8.78939470       0.38587674
     -8.77438719       0.38553624
     -8.75937969       0.38512878
     -8.74437219       0.38486351
     -8.72936468       0.38492841
     -8.71435718       0.38544492
     -8.69934967       0.38643538
     -8.68434217       0.38781276
     -8.66933467       0.38939648
     -8.65432716       0.39095188
     -8.63931966       0.39224465
     -8.62431216       0.39309736
     -8.60930465       0.39343418
     -8.59429715       0.39330233
     -8.57928964       0.39286433
     -8.56428214       0.39236172
     -8.54927464       0.39205865
     -8.53426713       0.39217819
     -8.51925963       0.39284689
     -8.50425213       0.39406137
     -8.48924462       0.39568565
     -8.47423712       0.39748095
     -8.45922961       0.39916183
     -8.44422211       0.40046587
     -8.42921461       0.40122039
     -8.41420710       0.40138927
     -8.39919960       0.40108707
     -8.38419210       0.40055450
     -8.36918459       0.40009957
     -8.35417709       0.40001768
     -8.33916958       0.40051168
     -8.32416208       0.40163415
     -8.30915458       0.40326991
     -8.29414707       0.40516567
     -8.27913957       0.40699998
     -8.26413207       0.40847352
     -8.24912456       0.40939303
     -8.23411706       0.40972360
     -8.21910955       0.40959401
     -8.20410205       0.40925474
     -8.18909455       0.40900333
     -8.17408704       0.40910061
     -8.15907954       0.40970276
     -8.14407204       0.41082715
     -8.12906453       0.41235788
     -8.11405703       0.41408540
     -8.09904952       0.41576590
     -8.08404202       0.41718352
     -8.06903452       0.41820046
     -8.05402701       0.41878537
     -8.03901951       0.41901603
     -8.02401201       0.41905773
     -8.00900450       0.41912230
     -7.99399700       0.41941620
     -7.97898949       0.42008859
     -7.96398199       0.42119168
     -7.94897449       0.42266474
     -7.93396698       0.42434871
     -7.91895948       0.42603036
     -7.90395198       0.42750598
     -7.88894447       0.42864651
     -7.87393697       0.42944446
     -7.85892946       0.43002721
     -7.84392196       0.43063261
     -7.82891446       0.43155579
     -7.81390695       0.43308623
     -7.79889945       0.43545711
     -7.78389195       0.43882320
     -7.76888444       0.44327114
     -7.75387694       0.44885292
     -7.73886943       0.45562393
     -7.72386193       0.46366605
     -7.70885443       0.47308320
     -7.69384692       0.48396874
     -7.67883942       0.49635532
     -7.66383192       0.51016486
     -7.64882441       0.52517581
     -7.63381691       0.54101907
     -7.61880940       0.55720500
     -7.60380190       0.57317589
     -7.58879440       0.58837317
     -7.57378689       0.60230671
     -7.55877939       0.61461441
     -7.54377189       0.62510235
     -7.52876438       0.63375845
     -7.51375688       0.64073647
     -7.49874937       0.64631231
     -7.48374187       0.65082070
     -7.46873437       0.65458634
     -7.45372686       0.65786621
     -7.43871936       0.66081791
     -7.42371186       0.66350155
     -7.40870435       0.66591199
     -7.39369685       0.66802790
     -7.37868934       0.66985827
     -7.36368184       0.67146852
     -7.34867434       0.67297685
     -7.33366683       0.67452351
     -7.31865933       0.67622694
     -7.30365183       0.67814566
     -7.28864432       0.68026222
     -7.27363682       0.68249562
     -7.25862931       0.68473698
     -7.24362181       0.68689339
     -7.22861431       0.68892237
     -7.21360680       0.69084421
     -7.19859930       0.69272895
     -7.18359180       0.69466574
     -7.16858429       0.69672829
     -7.15357679       0.69895056
     -7.13856928       0.70132062
     -7.12356178       0.70379264
     -7.10855428       0.70630929
     -7.09354677       0.70882408
     -7.07853927       0.71131536
     -7.06353177       0.71378833
     -7.04852426       0.71626747
     -7.03351676       0.71878477
     -7.01850925       0.72136931
     -7.00350175       0.72404157
     -6.98849425       0.72681240
     -6.97348674       0.72968469
     -6.95847924       0.73265558
     -6.94347174       0.73571784
     -6.92846423       0.73886096
     -6.91345673       0.74207294
     -6.89844922       0.74534348
     -6.88344172       0.74866811
     -6.86843422       0.75205155
     -6.85342671       0.75550859
     -6.83841921       0.75906144
     -6.82341171       0.76273452
     -6.80840420       0.76654864
     -6.79339670       0.77051707
     -6.77838919       0.77464521
     -6.76338169       0.77893347
     -6.74837419       0.78338162
     -6.73336668       0.78799235
     -6.71835918       0.79277240
     -6.70335168       0.79773177
     -6.68834417       0.80288249
     -6.67333667       0.80823931
     -6.65832916       0.81382297
     -6.64332166       0.81966514
     -6.62831416       0.82581220
     -6.61330665       0.83232551
     -6.59829915       0.83927701
     -6.58329165       0.84674220
     -6.56828414       0.85479413
     -6.55327664       0.86350235
     -6.53826913       0.87293823
     -6.52326163       0.88318474
     -6.50825413       0.89434500
     -6.49324662       0.90654279
     -6.47823912       0.91990907
     -6.46323162       0.93455247
     -6.44822411       0.95051637
     -6.43321661       0.96772960
     -6.41820910       0.98596120
     -6.40320160       1.00479010
     -6.38819410       1.02359977
     -6.37318659       1.04160388
     -6.35817909       1.05790443
     -6.34317159       1.07157746
     -6.32816408       1.08177544
     -6.31315658       1.08783070
     -6.29814907       1.08934186
     -6.28314157       1.08622672
     -6.26813407       1.07873054
     -6.25312656       1.06738736
     -6.23811906       1.05294198
     -6.22311156       1.03624884
     -6.20810405       1.01816850
     -6.19309655       0.99948173
     -6.17808904       0.98083467
     -6.16308154       0.96271890
     -6.14807404       0.94548046
     -6.13306653       0.92934542
     -6.11805903       0.91444775
     -6.10305153       0.90084955
     -6.08804402       0.88855010
     -6.07303652       0.87748748
     -6.05802901       0.86754048
     -6.04302151       0.85853827
     -6.02801401       0.85028123
     -6.01300650       0.84257072
     -5.99799900       0.83524039
     -5.98299150       0.82818044
     -5.96798399       0.82134751
     -5.95297649       0.81475771
     -5.93796898       0.80846534
     -5.92296148       0.80253391
     -5.90795398       0.79700766
     -5.89294647       0.79189075
     -5.87793897       0.78713912
     -5.86293147       0.78266618
     -5.84792396       0.77836060
     -5.83291646       0.77411178
     -5.81790895       0.76983681
     -5.80290145       0.76550186
     -5.78789395       0.76113180
     -5.77288644       0.75680407
     -5.75787894       0.75262672
     -5.74287144       0.74870544
     -5.72786393       0.74510863
     -5.71285643       0.74184115
     -5.69784892       0.73883645
     -5.68284142       0.73597126
     -5.66783392       0.73309996
     -5.65282641       0.73009886
     -5.63781891       0.72690607
     -5.62281141       0.72354338
     -5.60780390       0.72011165
     -5.59279640       0.71675982
     -5.57778889       0.71363697
     -5.56278139       0.71084260
     -5.54777389       0.70839203
     -5.53276638       0.70620877
     -5.51775888       0.70414723
     -5.50275138       0.70203865
     -5.48774387       0.69974534
     -5.47273637       0.69720508
     -5.45772886       0.69445068
     -5.44272136       0.69159815
     -5.42771386       0.68880745
     -5.41270635       0.68622934
     -5.39769885       0.68395639
     -5.38269135       0.68199451
     -5.36768384       0.68026374
     -5.35267634       0.67862709
     -5.33766883       0.67693620
     -5.32266133       0.67507810
     -5.30765383       0.67300759
     -5.29264632       0.67075593
     -5.27763882       0.66841533
     -5.26263132       0.66610631
     -5.24762381       0.66393982
     -5.23261631       0.66198618
     -5.21760880       0.66025894
     -5.20260130       0.65871650
     -5.18759380       0.65727832
     -5.17258629       0.65584941
     -5.15757879       0.65434563
     -5.14257129       0.65271346
     -5.12756378       0.65094063
     -5.11255628       0.64905642
     -5.09754877       0.64712284
     -5.08254127       0.64521893
     -5.06753377       0.64342161
     -5.05252626       0.64178669
     -5.03751876       0.64033410
     -5.02251126       0.63904111
     -5.00750375       0.63784620
     -4.99249625       0.63666385
     -4.97748874       0.63540740
     -4.96248124       0.63401405
     -4.94747374       0.63246453
     -4.93246623       0.63079069
     -4.91745873       0.62906765
     -4.90245123       0.62739220
     -4.88744372       0.62585364
     -4.87243622       0.62450633
     -4.85742871       0.62335261
     -4.84242121       0.62234168
     -4.82741371       0.62138463
     -4.81240620       0.62038110
     -4.79739870       0.61924927
     -4.78239120       0.61795022
     -4.76738369       0.61649959
     -4.75237619       0.61496299
     -4.73736868       0.61343653
     -4.72236118       0.61201799
     -4.70735368       0.61077698
     -4.69234617       0.60973319
     -4.67733867       0.60884964
     -4.66233117       0.60804360
     -4.64732366       0.60721232
     -4.63231616       0.60626562
     -4.61730865       0.60515482
     -4.60230115       0.60388830
     -4.58729365       0.60252812
     -4.57228614       0.60116893
     -4.55727864       0.59990637
     -4.54227114       0.59880583
     -4.52726363       0.59788219
     -4.51225613       0.59709700
     -4.49724862       0.59637334
     -4.48224112       0.59562247
     -4.46723362       0.59477283
     -4.45222611       0.59379193
     -4.43721861       0.59269426
     -4.42221111       0.59153389
     -4.40720360       0.59038489
     -4.39219610       0.58931657
     -4.37718859       0.58837151
     -4.36218109       0.58755325
     -4.34717359       0.58682718
     -4.33216608       0.58613398
     -4.31715858       0.58541094
     -4.30215108       0.58461380
     -4.28714357       0.58373146
     -4.27213607       0.58278813
     -4.25712856       0.58183215
     -4.24212106       0.58091578
     -4.22711356       0.58007397
     -4.21210605       0.57931122
     -4.19709855       0.57860180
     -4.18209105       0.57790360
     -4.16708354       0.57717886
     -4.15207604       0.57641244
     -4.13706853       0.57561846
     -4.12206103       0.57483223
     -4.10705353       0.57409109
     -4.09204602       0.57341371
     -4.07703852       0.57278849
     -4.06203102       0.57217737
     -4.04702351       0.57153375
     -4.03201601       0.57082620
     -4.01700850       0.57005613
     -4.00200100       0.56926043
     -3.98699350       0.56849700
     -3.97198599       0.56781961
     -3.95697849       0.56725339
     -3.94197099       0.56678241
     -3.92696348       0.56635476
     -3.91195598       0.56590301
     -3.89694847       0.56537091
     -3.88194097       0.56473524
     -3.86693347       0.56401424
     -3.85192596       0.56326012
     -3.83691846       0.56253973
     -3.82191096       0.56191109
     -3.80690345       0.56140442
     -3.79189595       0.56101324
     -3.77688844       0.56069739
     -3.76188094       0.56039608
     -3.74687344       0.56004657
     -3.73186593       0.55960320
     -3.71685843       0.55905162
     -3.70185093       0.55841433
     -3.68684342       0.55774543
     -3.67183592       0.55711520
     -3.65682841       0.55658831
     -3.64182091       0.55620219
     -3.62681341       0.55595281
     -3.61180590       0.55579360
     -3.59679840       0.55564901
     -3.58179090       0.55543900
     -3.56678339       0.55510634
     -3.55177589       0.55463717
     -3.53676838       0.55406722
     -3.52176088       0.55347109
     -3.50675338       0.55293804
     -3.49174587       0.55254228
     -3.47673837       0.55231799
     -3.46173087       0.55224704
     -3.44672336       0.55226396
     -3.43171586       0.55227645
     -3.41670835       0.55219518
     -3.40170085       0.55196350
     -3.38669335       0.55157738
     -3.37168584       0.55108876
     -3.35667834       0.55059039
     -3.34167084       0.55018639
     -3.32666333       0.54995745
     -3.31165583       0.54993250
     -3.29664832       0.55007663
     -3.28164082       0.55030053
     -3.26663332       0.55048930
     -3.25162581       0.55054139
     -3.23661831       0.55040457
     -3.22161081       0.55009599
     -3.20660330       0.54969864
     -3.19159580       0.54933448
     -3.17658829       0.54912299
     -3.16158079       0.54913938
     -3.14657329       0.54938729
     -3.13156578       0.54979611
     -3.11655828       0.55024431
     -3.10155078       0.55060126
     -3.08654327       0.55077287
     -3.07153577       0.55073504
     -3.05652826       0.55054307
     -3.04152076       0.55031343
     -3.02651326       0.55018407
     -3.01150575       0.55026716
     -2.99649825       0.55061052
     -2.98149075       0.55118098
     -2.96648324       0.55187553
     -2.95147574       0.55255602
     -2.93646823       0.55309564
     -2.92146073       0.55342088
     -2.90645323       0.55353438
     -2.89144572       0.55351025
     -2.87643822       0.55346252
     -2.86143072       0.55349605
     -2.84642321       0.55365507
     -2.83141571       0.55388544
     -2.81640820       0.55402222
     -2.80140070       0.55380654
     -2.78639320       0.55292676
     -2.77138569       0.55107190
     -2.75637819       0.54798267
     -2.74137069       0.54348747
     -2.72636318       0.53751680
     -2.71135568       0.53009710
     -2.69634817       0.52133177
     -2.68134067       0.51137991
     -2.66633317       0.50044245
     -2.65132566       0.48875998
     -2.63631816       0.47662018
     -2.62131066       0.46436699
     -2.60630315       0.45240102
     -2.59129565       0.44116254
     -2.57628814       0.43109399
     -2.56128064       0.42258650
     -2.54627314       0.41592199
     -2.53126563       0.41122633
     -2.51625813       0.40844821
     -2.50125063       0.40737230
     -2.48624312       0.40766655
     -2.47123562       0.40895335
     -2.45622811       0.41088691
     -2.44122061       0.41321689
     -2.42621311       0.41582185
     -2.41120560       0.41870480
     -2.39619810       0.42195443
     -2.38119060       0.42568598
     -2.36618309       0.42998190
     -2.35117559       0.43485196
     -2.33616808       0.44022589
     -2.32116058       0.44598066
     -2.30615308       0.45199286
     -2.29114557       0.45819771
     -2.27613807       0.46463428
     -2.26113057       0.47146016
     -2.24612306       0.47892917
     -2.23111556       0.48733725
     -2.21610805       0.49695189
     -2.20110055       0.50794508
     -2.18609305       0.52034749
     -2.17108554       0.53403357
     -2.15607804       0.54873638
     -2.14107054       0.56408093
     -2.12606303       0.57962025
     -2.11105553       0.59486017
     -2.09604802       0.60926681
     -2.08104052       0.62226144
     -2.06603302       0.63321660
     -2.05102551       0.64147099
     -2.03601801       0.64637606
     -2.02101051       0.64737634
     -2.00600300       0.64411015
     -1.99099550       0.63650539
     -1.97598799       0.62483918
     -1.96098049       0.60973607
     -1.94597299       0.59209430
     -1.93096548       0.57295143
     -1.91595798       0.55332014
     -1.90095048       0.53403632
     -1.88594297       0.51565953
     -1.87093547       0.49845003
     -1.85592796       0.48242204
     -1.84092046       0.46744888
     -1.82591296       0.45338005
     -1.81090545       0.44012945
     -1.79589795       0.42770825
     -1.78089045       0.41619872
     -1.76588294       0.40568832
     -1.75087544       0.39619756
     -1.73586793       0.38763481
     -1.72086043       0.37979806
     -1.70585293       0.37242326
     -1.69084542       0.36525923
     -1.67583792       0.35813939
     -1.66083042       0.35102237
     -1.64582291       0.34398670
     -1.63081541       0.33718325
     -1.61580790       0.33076484
     -1.60080040       0.32482015
     -1.58579290       0.31933636
     -1.57078539       0.31420235
     -1.55577789       0.30924924
     -1.54077039       0.30431075
     -1.52576288       0.29928007
     -1.51075538       0.29414220
     -1.49574787       0.28897128
     -1.48074037       0.28389562
     -1.46573287       0.27904514
     -1.45072536       0.27450118
     -1.43571786       0.27026702
     -1.42071036       0.26626864
     -1.40570285       0.26238385
     -1.39069535       0.25848760
     -1.37568784       0.25449613
     -1.36068034       0.25039393
     -1.34567284       0.24623450
     -1.33066533       0.24211601
     -1.31565783       0.23814197
     -1.30065033       0.23438201
     -1.28564282       0.23084708
     -1.27063532       0.22748734
     -1.25562781       0.22421257
     -1.24062031       0.22092629
     -1.22561281       0.21756070
     -1.21060530       0.21409936
     -1.19559780       0.21058003
     -1.18059030       0.20707739
     -1.16558279       0.20367314
     -1.15057529       0.20042481
     -1.13556778       0.19734515
     -1.12056028       0.19439899
     -1.10555278       0.19151805
     -1.09054527       0.18862737
     -1.07553777       0.18567303
     -1.06053027       0.18264073
     -1.04552276       0.17955878
     -1.03051526       0.17648509
     -1.01550775       0.17348366
     -1.00050025       0.17059992
     -0.98549275       0.16784426
     -0.97048524       0.16518936
     -0.95547774       0.16258205
     -0.94047024       0.15996423
     -0.92546273       0.15729480
     -0.91045523       0.15456413
     -0.89544772       0.15179590
     -0.88044022       0.14903616
     -0.86543272       0.14633443
     -0.85042521       0.14372432
     -0.83541771       0.14121122
     -0.82041021       0.13877142
     -0.80540270       0.13636244
     -0.79039520       0.13394015
     -0.77538769       0.13147559
     -0.76038019       0.12896515
     -0.74537269       0.12643048
     -0.73036518       0.12390855
     -0.71535768       0.12143642
     -0.70035018       0.11903658
     -0.68534267       0.11670881
     -0.67033517       0.11443121
     -0.65532766       0.11216968
     -0.64032016       0.10989177
     -0.62531266       0.10757921
     -0.61030515       0.10523433
     -0.59529765       0.10287795
     -0.58029015       0.10053998
     -0.56528264       0.09824687
     -0.55027514       0.09601092
     -0.53526763       0.09382597
     -0.52026013       0.09167072
     -0.50525263       0.08951814
     -0.49024512       0.08734672
     -0.47523762       0.08514877
     -0.46023012       0.08293263
     -0.44522261       0.08071801
     -0.43021511       0.07852706
     -0.41520760       0.07637490
     -0.40020010       0.07426390
     -0.38519260       0.07218353
     -0.37018509       0.07011563
     -0.35517759       0.06804231
     -0.34017009       0.06595317
     -0.32516258       0.06384870
     -0.31015508       0.06173908
     -0.29514757       0.05963906
     -0.28014007       0.05756155
     -0.26513257       0.05551252
     -0.25012506       0.05348917
     -0.23511756       0.05148177
     -0.22011006       0.04947804
     -0.20510255       0.04746810
     -0.19009505       0.04544809
     -0.17508754       0.04342108
     -0.16008004       0.04139524
     -0.14507254       0.03938022
     -0.13006503       0.03738325
     -0.11505753       0.03540652
     -0.10005003       0.03344675
     -0.08504252       0.03149704
     -0.07003502       0.02955018
     -0.05502751       0.02760227
     -0.04002001       0.02565526
     -0.02501251       0.02371774
     -0.01000500       0.02180389
      0.00500250       0.01993130
      0.02001001       0.01811867
      0.03501751       0.01638454
      0.05002501       0.01474739
      0.06503252       0.01322721
      0.08004002       0.01184733
      0.09504752       0.01063563
      0.11005503       0.00962400
      0.12506253       0.00884569
      0.14007004       0.00833089
      0.15507754       0.00810178
      0.17008504       0.00816836
      0.18509255       0.00852646
      0.20010005       0.00915849
      0.21510755       0.01003675
      0.23011506       0.01112818
      0.24512256       0.01239934
      0.26013007       0.01381997
      0.27513757       0.01536453
      0.29014507       0.01701174
      0.30515258       0.01874268
      0.32016008       0.02053889
      0.33516758       0.02238138
      0.35017509       0.02425122
      0.36518259       0.02613154
      0.38019010       0.02801007
      0.39519760       0.02988114
      0.41020510       0.03174602
      0.42521261       0.03361128
      0.44022011       0.03548552
      0.45522761       0.03737538
      0.47023512       0.03928241
      0.48524262       0.04120188
      0.50025013       0.04312405
      0.51525763       0.04503770
      0.53026513       0.04693453
      0.54527264       0.04881289
      0.56028014       0.05067920
      0.57528764       0.05254624
      0.59029515       0.05442863
      0.60530265       0.05633706
      0.62031016       0.05827345
      0.63531766       0.06022923
      0.65032516       0.06218777
      0.66533267       0.06413057
      0.68034017       0.06604495
      0.69534767       0.06793012
      0.71035518       0.06979891
      0.72536268       0.07167388
      0.74037019       0.07357883
      0.75537769       0.07552894
      0.77038519       0.07752360
      0.78539270       0.07954525
      0.80040020       0.08156536
      0.81540770       0.08355548
      0.83041521       0.08549922
      0.84542271       0.08740004
      0.86043022       0.08928143
      0.87543772       0.09117874
      0.89044522       0.09312572
      0.90545273       0.09514089
      0.92046023       0.09721925
      0.93546773       0.09933298
      0.95047524       0.10144126
      0.96548274       0.10350558
      0.98049025       0.10550501
      0.99549775       0.10744529
      1.01050525       0.10935814
      1.02551276       0.11129069
      1.04052026       0.11328852
      1.05552776       0.11537852
      1.07053527       0.11755784
      1.08554277       0.11979344
      1.10055028       0.12203272
      1.11555778       0.12422211
      1.13056528       0.12632698
      1.14557279       0.12834571
      1.16058029       0.13031239
      1.17558779       0.13228649
      1.19059530       0.13433263
      1.20560280       0.13649733
      1.22061031       0.13879107
      1.23561781       0.14118254
      1.25062531       0.14360788
      1.26563282       0.14599210
      1.28064032       0.14827575
      1.29564782       0.15043719
      1.31065533       0.15250257
      1.32566283       0.15453912
      1.34067034       0.15663364
      1.35567784       0.15886298
      1.37068534       0.16126668
      1.38569285       0.16383138
      1.40070035       0.16649292
      1.41570785       0.16915635
      1.43071536       0.17172749
      1.44572286       0.17414587
      1.46073037       0.17640758
      1.47573787       0.17856979
      1.49074537       0.18073449
      1.50575288       0.18301617
      1.52076038       0.18550353
      1.53576788       0.18822828
      1.55077539       0.19115173
      1.56578289       0.19417455
      1.58079040       0.19716763
      1.59579790       0.20001431
      1.61080540       0.20265060
      1.62581291       0.20508971
      1.64082041       0.20742193
      1.65582791       0.20978898
      1.67083542       0.21233986
      1.68584292       0.21518227
      1.70085043       0.21834523
      1.71585793       0.22176584
      1.73086543       0.22530577
      1.74587294       0.22879329
      1.76088044       0.23207860
      1.77588794       0.23508467
      1.79089545       0.23783709
      1.80590295       0.24046192
      1.82091046       0.24315071
      1.83591796       0.24610249
      1.85092546       0.24946014
      1.86593297       0.25326176
      1.88094047       0.25742337
      1.89594797       0.26176035
      1.91095548       0.26604275
      1.92596298       0.27006855
      1.94097049       0.27373204
      1.95597799       0.27706518
      1.97098549       0.28023680
      1.98599300       0.28350760
      2.00100050       0.28715287
      2.01600800       0.29137608
      2.03101551       0.29624072
      2.04602301       0.30164391
      2.06103052       0.30734279
      2.07603802       0.31302864
      2.09104552       0.31842737
      2.10605303       0.32339536
      2.12106053       0.32797881
      2.13606803       0.33241496
      2.15107554       0.33707127
      2.16608304       0.34233922
      2.18109055       0.34851578
      2.19609805       0.35571168
      2.21110555       0.36381947
      2.22611306       0.37255563
      2.24112056       0.38156691
      2.25612806       0.39056795
      2.27113557       0.39946490
      2.28614307       0.40842113
      2.30115058       0.41783893
      2.31615808       0.42825721
      2.33116558       0.44019352
      2.34617309       0.45397673
      2.36118059       0.46962093
      2.37618809       0.48677736
      2.39119560       0.50477719
      2.40620310       0.52274994
      2.42121061       0.53978202
      2.43621811       0.55507142
      2.45122561       0.56804158
      2.46623312       0.57839445
      2.48124062       0.58610336
      2.49624812       0.59136328
      2.51125563       0.59452402
      2.52626313       0.59602983
      2.54127064       0.59637936
      2.55627814       0.59610718
      2.57128564       0.59577747
      2.58629315       0.59597514
      2.60130065       0.59728094
      2.61630815       0.60022403
      2.63131566       0.60521538
      2.64632316       0.61247485
      2.66133067       0.62197026
      2.67633817       0.63338764
      2.69134567       0.64614629
      2.70635318       0.65946241
      2.72136068       0.67245394
      2.73636818       0.68426866
      2.75137569       0.69421124
      2.76638319       0.70184392
      2.78139070       0.70704063
      2.79639820       0.70998366
      2.81140570       0.71110432
      2.82641321       0.71098118
      2.84142071       0.71021791
      2.85642821       0.70932739
      2.87143572       0.70864613
      2.88644322       0.70829592
      2.90145073       0.70819821
      2.91645823       0.70813416
      2.93146573       0.70783320
      2.94647324       0.70706645
      2.96148074       0.70572148
      2.97648824       0.70384004
      2.99149575       0.70161094
      3.00650325       0.69932158
      3.02151076       0.69728241
      3.03651826       0.69574521
      3.05152576       0.69483721
      3.06653327       0.69452837
      3.08154077       0.69464014
      3.09654827       0.69489302
      3.11155578       0.69498012
      3.12656328       0.69464723
      3.14157079       0.69375849
      3.15657829       0.69233063
      3.17158579       0.69052729
      3.18659330       0.68861523
      3.20160080       0.68689412
      3.21660830       0.68561838
      3.23161581       0.68493150
      3.24662331       0.68482941
      3.26163082       0.68516242
      3.27663832       0.68567456
      3.29164582       0.68607014
      3.30665333       0.68609009
      3.32166083       0.68557831
      3.33666833       0.68452121
      3.35167584       0.68305033
      3.36668334       0.68140775
      3.38169085       0.67988338
      3.39669835       0.67874052
      3.41170585       0.67814870
      3.42671336       0.67814093
      3.44172086       0.67860592
      3.45672836       0.67931701
      3.47173587       0.67999018
      3.48674337       0.68035648
      3.50175088       0.68023023
      3.51675838       0.67955603
      3.53176588       0.67842236
      3.54677339       0.67703851
      3.56178089       0.67568082
      3.57678839       0.67462211
      3.59179590       0.67406254
      3.60680340       0.67407954
      3.62181091       0.67460915
      3.63681841       0.67546319
      3.65182591       0.67637717
      3.66683342       0.67707674
      3.68184092       0.67734598
      3.69684842       0.67708096
      3.71185593       0.67631542
      3.72686343       0.67521250
      3.74187094       0.67402413
      3.75687844       0.67302807
      3.77188594       0.67245789
      3.78689345       0.67244366
      3.80190095       0.67297877
      3.81690845       0.67392160
      3.83191596       0.67503203
      3.84692346       0.67603297
      3.86193097       0.67668086
      3.87693847       0.67682664
      3.89194597       0.67645161
      3.90695348       0.67566999
      3.92196098       0.67469850
      3.93696848       0.67380177
      3.95197599       0.67322743
      3.96698349       0.67314662
      3.98199100       0.67361341
      3.99699850       0.67455225
      4.01200600       0.67577592
      4.02701351       0.67703017
      4.04202101       0.67805504
      4.05702851       0.67864875
      4.07203602       0.67871864
      4.08704352       0.67830597
      4.10205103       0.67757737
      4.11705853       0.67678396
      4.13206603       0.67619810
      4.14707354       0.67604383
      4.16208104       0.67643946
      4.17708854       0.67736751
      4.19209605       0.67867988
      4.20710355       0.68013651
      4.22211106       0.68146715
      4.23711856       0.68243979
      4.25212606       0.68291827
      4.26713357       0.68289470
      4.28214107       0.68248923
      4.29714857       0.68191804
      4.31215608       0.68143826
      4.32716358       0.68128408
      4.34217109       0.68161005
      4.35717859       0.68245516
      4.37218609       0.68373593
      4.38719360       0.68526928
      4.40220110       0.68681847
      4.41720860       0.68815046
      4.43221611       0.68909068
      4.44722361       0.68956266
      4.46223112       0.68960420
      4.47723862       0.68935729
      4.49224612       0.68903510
      4.50725363       0.68887334
      4.52226113       0.68907672
      4.53726863       0.68977161
      4.55227614       0.69097491
      4.56728364       0.69258677
      4.58229115       0.69441021
      4.59729865       0.69619579
      4.61230615       0.69770313
      4.62731366       0.69876609
      4.64232116       0.69934506
      4.65732866       0.69955099
      4.67233617       0.69963106
      4.68734367       0.69991617
      4.70235118       0.70074187
      4.71735868       0.70236371
      4.73236618       0.70489213
      4.74737369       0.70826707
      4.76238119       0.71228085
      4.77738869       0.71664213
      4.79239620       0.72105986
      4.80740370       0.72531946
      4.82241121       0.72932713
      4.83741871       0.73311028
      4.85242621       0.73677839
      4.86743372       0.74046244
      4.88244122       0.74425673
      4.89744872       0.74818268
      4.91245623       0.75218351
      4.92746373       0.75614515
      4.94247124       0.75993029
      4.95747874       0.76341080
      4.97248624       0.76648896
      4.98749375       0.76910635
      5.00250125       0.77124554
      5.01750875       0.77293138
      5.03251626       0.77423485
      5.04752376       0.77527645
      5.06253127       0.77622197
      5.07753877       0.77726370
      5.09254627       0.77858565
      5.10755378       0.78031925
      5.12256128       0.78250303
      5.13756878       0.78506133
      5.15257629       0.78781368
      5.16758379       0.79051659
      5.18259130       0.79292889
      5.19759880       0.79488270
      5.21260630       0.79633841
      5.22761381       0.79740550
      5.24262131       0.79832026
      5.25762881       0.79938457
      5.27263632       0.80088191
      5.28764382       0.80299491
      5.30265133       0.80574918
      5.31765883       0.80900149
      5.33266633       0.81247701
      5.34767384       0.81584618
      5.36268134       0.81881897
      5.37768884       0.82122905
      5.39269635       0.82308299
      5.40770385       0.82455964
      5.42271136       0.82595994
      5.43771886       0.82762167
      5.45272636       0.82982420
      5.46773387       0.83271080
      5.48274137       0.83625086
      5.49774887       0.84025219
      5.51275638       0.84441893
      5.52776388       0.84843731
      5.54277139       0.85206392
      5.55777889       0.85519137
      5.57278639       0.85787370
      5.58779390       0.86030638
      5.60280140       0.86276890
      5.61780890       0.86554786
      5.63281641       0.86886288
      5.64782391       0.87281460
      5.66283142       0.87736720
      5.67783892       0.88236696
      5.69284642       0.88758951
      5.70785393       0.89280151
      5.72286143       0.89782033
      5.73786893       0.90255734
      5.75287644       0.90703607
      5.76788394       0.91138293
      5.78289145       0.91579557
      5.79789895       0.92049809
      5.81290645       0.92569463
      5.82791396       0.93153166
      5.84292146       0.93807607
      5.85792896       0.94531207
      5.87293647       0.95315587
      5.88794397       0.96148434
      5.90295148       0.97017213
      5.91795898       0.97913094
      5.93296648       0.98834463
      5.94797399       0.99789386
      5.96298149       1.00796462
      5.97798899       1.01883664
      5.99299650       1.03085006
      6.00800400       1.04435228
      6.02301151       1.05963078
      6.03801901       1.07684146
      6.05302651       1.09594387
      6.06803402       1.11665550
      6.08304152       1.13843515
      6.09804902       1.16050163
      6.11305653       1.18188878
      6.12806403       1.20153134
      6.14307154       1.21837100
      6.15807904       1.23146713
      6.17308654       1.24009554
      6.18809405       1.24381985
      6.20310155       1.24252513
      6.21810905       1.23641023
      6.23311656       1.22594331
      6.24812406       1.21179152
      6.26313157       1.19473920
      6.27813907       1.17560906
      6.29314657       1.15519701
      6.30815408       1.13422590
      6.32316158       1.11331790
      6.33816908       1.09298129
      6.35317659       1.07360647
      6.36818409       1.05546704
      6.38319160       1.03872454
      6.39819910       1.02343757
      6.41320660       1.00957712
      6.42821411       0.99704862
      6.44322161       0.98571894
      6.45822911       0.97544399
      6.47323662       0.96609096
      6.48824412       0.95754989
      6.50325163       0.94973209
      6.51825913       0.94255696
      6.53326663       0.93593297
      6.54827414       0.92974122
      6.56328164       0.92383025
      6.57828914       0.91802746
      6.59329665       0.91216750
      6.60830415       0.90613100
      6.62331166       0.89988236
      6.63831916       0.89349275
      6.65332666       0.88713741
      6.66833417       0.88106302
      6.68334167       0.87553039
      6.69834917       0.87074622
      6.71335668       0.86680285
      6.72836418       0.86364374
      6.74337169       0.86106571
      6.75837919       0.85875899
      6.77338669       0.85637468
      6.78839420       0.85360254
      6.80340170       0.85023913
      6.81840920       0.84622989
      6.83341671       0.84167620
      6.84842421       0.83680747
      6.86343172       0.83192650
      6.87843922       0.82734213
      6.89344672       0.82330499
      6.90845423       0.81996051
      6.92346173       0.81732843
      6.93846923       0.81531121
      6.95347674       0.81372653
      6.96848424       0.81235327
      6.98349175       0.81097782
      6.99849925       0.80942895
      7.01350675       0.80759475
      7.02851426       0.80542184
      7.04352176       0.80290349
      7.05852926       0.80006564
      7.07353677       0.79695910
      7.08854427       0.79366037
      7.10355178       0.79027783
      7.11855928       0.78695535
      7.13356678       0.78386470
      7.14857429       0.78118238
      7.16358179       0.77905322
      7.17858929       0.77755019
      7.19359680       0.77664370
      7.20860430       0.77619273
      7.22361181       0.77596395
      7.23861931       0.77567626
      7.25362681       0.77505979
      7.26863432       0.77391348
      7.28364182       0.77214574
      7.29864932       0.76978841
      7.31365683       0.76698214
      7.32866433       0.76394006
      7.34367184       0.76090146
      7.35867934       0.75808818
      7.37368684       0.75567322
      7.38869435       0.75376517
      7.40370185       0.75240649
      7.41870935       0.75158004
      7.43371686       0.75121758
      7.44872436       0.75120661
      7.46373187       0.75139543
      7.47873937       0.75159990
      7.49374687       0.75161685
      7.50875438       0.75124757
      7.52376188       0.75033078
      7.53876938       0.74877960
      7.55377689       0.74661238
      7.56878439       0.74396618
      7.58379190       0.74108454
      7.59879940       0.73827756
      7.61380690       0.73586116
      7.62881441       0.73408976
      7.64382191       0.73310008
      7.65882941       0.73288189
      7.67383692       0.73328395
      7.68884442       0.73405307
      7.70385193       0.73489452
      7.71885943       0.73553607
      7.73386693       0.73577827
      7.74887444       0.73551920
      7.76388194       0.73475123
      7.77888944       0.73353643
      7.79389695       0.73197360
      7.80890445       0.73017064
      7.82391196       0.72823161
      7.83891946       0.72626001
      7.85392696       0.72437179
      7.86893447       0.72270610
      7.88394197       0.72142208
      7.89894947       0.72067541
      7.91395698       0.72057748
      7.92896448       0.72114959
      7.94397199       0.72228933
      7.95897949       0.72376555
      7.97398699       0.72524981
      7.98899450       0.72638061
      8.00400200       0.72684450
      8.01900950       0.72645175
      8.03401701       0.72518467
      8.04902451       0.72320460
      8.06403202       0.72081601
      8.07903952       0.71839826
      8.09404702       0.71632379
      8.10905453       0.71488373
      8.12406203       0.71423752
      8.13906953       0.71439545
      8.15407704       0.71523368
      8.16908454       0.71653396
      8.18409205       0.71803581
      8.19909955       0.71948804
      8.21410705       0.72068879
      8.22911456       0.72150751
      8.24412206       0.72188761
      8.25912956       0.72183381
      8.27413707       0.72139145
      8.28914457       0.72062679
      8.30415208       0.71961539
      8.31915958       0.71844146
      8.33416708       0.71720591
      8.34917459       0.71603594
      8.36418209       0.71508721
      8.37918959       0.71453142
      8.39419710       0.71452776
      8.40920460       0.71518317
      8.42421211       0.71651280
      8.43921961       0.71841402
      8.45422711       0.72066559
      8.46923462       0.72295655
      8.48424212       0.72494136
      8.49924962       0.72630946
      8.51425713       0.72685283
      8.52926463       0.72651518
      8.54427214       0.72541022
      8.55927964       0.72380439
      8.57428714       0.72206745
      8.58929465       0.72060141
      8.60430215       0.71976318
      8.61930965       0.71979687
      8.63431716       0.72078968
      8.64932466       0.72265986
      8.66433217       0.72517840
      8.67933967       0.72801914
      8.69434717       0.73082569
      8.70935468       0.73328049
      8.72436218       0.73516083
      8.73936968       0.73637081
      8.75437719       0.73694383
      8.76938469       0.73701824
      8.78439220       0.73679520
      8.79939970       0.73649157
      8.81440720       0.73630063
      8.82941471       0.73636937
      8.84442221       0.73679451
      8.85942971       0.73763266
      8.87443722       0.73891551
      8.88944472       0.74066012
      8.90445223       0.74286797
      8.91945973       0.74551235
      8.93446723       0.74852011
      8.94947474       0.75175778
      8.96448224       0.75503241
      8.97948974       0.75811282
      8.99449725       0.76077071
      9.00950475       0.76283311
      9.02451226       0.76423268
      9.03951976       0.76504089
      9.05452726       0.76547219
      9.06953477       0.76585438
      9.08454227       0.76656916
      9.09954977       0.76797533
      9.11455728       0.77033254
      9.12956478       0.77374400
      9.14457229       0.77813259
      9.15957979       0.78325608
      9.17458729       0.78875743
      9.18959480       0.79423702
      9.20460230       0.79932865
      9.21960980       0.80376098
      9.23461731       0.80739127
      9.24962481       0.81020678
      9.26463232       0.81229815
      9.27963982       0.81381673
      9.29464732       0.81493064
      9.30965483       0.81579291
      9.32466233       0.81652937
      9.33966983       0.81724628
      9.35467734       0.81805081
      9.36968484       0.81907308
      9.38469235       0.82047835
      9.39969985       0.82246124
      9.41470735       0.82522013
      9.42971486       0.82891587
      9.44472236       0.83362448
      9.45972986       0.83929533
      9.47473737       0.84572619
      9.48974487       0.85256267
      9.50475238       0.85932451
      9.51975988       0.86545532
      9.53476738       0.87038703
      9.54977489       0.87360712
      9.56478239       0.87471602
      9.57978989       0.87346475
      9.59479740       0.86976763
      9.60980490       0.86369122
      9.62481241       0.85542562
      9.63981991       0.84524792
      9.65482741       0.83348713
      9.66983492       0.82049742
      9.68484242       0.80664181
      9.69984992       0.79228456
      9.71485743       0.77778714
      9.72986493       0.76350311
      9.74487244       0.74976796
      9.75987994       0.73688355
      9.77488744       0.72509868
      9.78989495       0.71458958
      9.80490245       0.70544386
      9.81990995       0.69765162
      9.83491746       0.69110567
      9.84992496       0.68561230
      9.86493247       0.68091265
      9.87993997       0.67671365
      9.89494747       0.67272618
      9.90995498       0.66870636
      9.92496248       0.66449442
      9.93996998       0.66004456
      9.95497749       0.65543951
      9.96998499       0.65088501
      9.98499250       0.64668199
     10.00000000       0.64317787
