#k-dist(A^-1)  energy(eV)   weight,       1 -th eigen
   0.000000  -19.380930      0.370 
   0.077929  -19.364360      0.370 
   0.155858  -19.314670      0.370 
   0.233787  -19.231920      0.370 
   0.311716  -19.116180      0.370 
   0.389645  -18.967590      0.370 
   0.467574  -18.786300      0.370 
   0.545504  -18.572570      0.370 
   0.623433  -18.326620      0.370 
   0.701362  -18.048760      0.370 
   0.779291  -17.739390      0.370 
   0.857220  -17.399060      0.370 
   0.935149  -17.028360      0.370 
   1.013078  -16.628180      0.370 
   1.091007  -16.199770      0.370 
   1.168936  -15.745160      0.370 
   1.246865  -15.268130      0.370 
   1.324794  -14.778240      0.370 
   1.402723  -14.310020      0.370 
   1.480653  -14.049120      0.370 
   1.480653  -14.049120      0.370 
   1.525645  -14.044420      0.370 
   1.570637  -14.030310      0.370 
   1.615630  -14.006760      0.370 
   1.660622  -13.973800      0.370 
   1.705614  -13.931430      0.370 
   1.750607  -13.879660      0.370 
   1.795599  -13.818500      0.370 
   1.840592  -13.747940      0.370 
   1.885584  -13.668020      0.370 
   1.930576  -13.578720      0.370 
   1.975569  -13.480090      0.370 
   2.020561  -13.372130      0.370 
   2.065553  -13.254850      0.370 
   2.110546  -13.128280      0.370 
   2.155538  -12.992440      0.370 
   2.200531  -12.847370      0.370 
   2.245523  -12.693100      0.370 
   2.290515  -12.529670      0.370 
   2.335508  -12.358250      0.370 
   2.335508  -12.358250      0.370 
   2.425492  -12.816460      0.370 
   2.515477  -13.392190      0.370 
   2.605462  -13.999550      0.370 
   2.695447  -14.603020      0.370 
   2.785431  -15.186710      0.370 
   2.875416  -15.742400      0.370 
   2.965401  -16.265270      0.370 
   3.055386  -16.752190      0.370 
   3.145370  -17.200970      0.370 
   3.235355  -17.610080      0.370 
   3.325340  -17.978350      0.370 
   3.415325  -18.304910      0.370 
   3.505309  -18.589060      0.370 
   3.595294  -18.830250      0.370 
   3.685279  -19.028100      0.370 
   3.775264  -19.182290      0.370 
   3.865248  -19.292590      0.370 
   3.955233  -19.358840      0.370 
   4.045218  -19.380930      0.370 
   4.045218  -19.380930      0.370 
   4.056241  -19.380930      0.370 
   4.067264  -19.380940      0.370 
   4.078287  -19.380940      0.370 
   4.089311  -19.380940      0.370 
   4.100334  -19.380940      0.370 
   4.111357  -19.380940      0.370 
   4.122380  -19.380930      0.370 
   4.133403  -19.380930      0.370 
   4.144426  -19.380930      0.370 
   4.155449  -19.380930      0.370 
   4.166472  -19.380910      0.370 
   4.177496  -19.380910      0.370 
   4.188519  -19.380910      0.370 
   4.199542  -19.380910      0.370 
   4.210565  -19.380910      0.370 
   4.221588  -19.380900      0.370 
   4.232611  -19.380900      0.370 
   4.243634  -19.380880      0.370 
   4.254657  -19.380880      0.370 
 
 
#k-dist(A^-1)  energy(eV)   weight,       2 -th eigen
   0.000000  -19.380930      0.370 
   0.077929  -19.364360      0.370 
   0.155858  -19.314670      0.370 
   0.233787  -19.231920      0.370 
   0.311716  -19.116180      0.370 
   0.389645  -18.967590      0.370 
   0.467574  -18.786300      0.370 
   0.545504  -18.572570      0.370 
   0.623433  -18.326620      0.370 
   0.701362  -18.048760      0.370 
   0.779291  -17.739390      0.370 
   0.857220  -17.399050      0.370 
   0.935149  -17.028360      0.370 
   1.013078  -16.628180      0.370 
   1.091007  -16.199770      0.370 
   1.168936  -15.745160      0.370 
   1.246865  -15.268130      0.370 
   1.324794  -14.778240      0.370 
   1.402723  -14.310020      0.370 
   1.480653  -14.049120      0.370 
   1.480653  -14.049120      0.370 
   1.525645  -14.044420      0.370 
   1.570637  -14.030310      0.370 
   1.615630  -14.006760      0.370 
   1.660622  -13.973790      0.370 
   1.705614  -13.931430      0.370 
   1.750607  -13.879650      0.370 
   1.795599  -13.818490      0.370 
   1.840592  -13.747940      0.370 
   1.885584  -13.668010      0.370 
   1.930576  -13.578720      0.370 
   1.975569  -13.480080      0.370 
   2.020561  -13.372130      0.370 
   2.065553  -13.254850      0.370 
   2.110546  -13.128270      0.370 
   2.155538  -12.992430      0.370 
   2.200531  -12.847360      0.370 
   2.245523  -12.693100      0.370 
   2.290515  -12.529670      0.370 
   2.335508  -12.358250      0.370 
   2.335508  -12.358250      0.370 
   2.425492  -12.816460      0.370 
   2.515477  -13.392190      0.370 
   2.605462  -13.999550      0.370 
   2.695447  -14.603020      0.370 
   2.785431  -15.186710      0.370 
   2.875416  -15.742400      0.370 
   2.965401  -16.265270      0.370 
   3.055386  -16.752190      0.370 
   3.145370  -17.200970      0.370 
   3.235355  -17.610070      0.370 
   3.325340  -17.978340      0.370 
   3.415325  -18.304910      0.370 
   3.505309  -18.589060      0.370 
   3.595294  -18.830250      0.370 
   3.685279  -19.028100      0.370 
   3.775264  -19.182290      0.370 
   3.865248  -19.292590      0.370 
   3.955233  -19.358840      0.370 
   4.045218  -19.380930      0.370 
   4.045218  -19.380930      0.370 
   4.056241  -19.380930      0.370 
   4.067264  -19.380940      0.370 
   4.078287  -19.380940      0.370 
   4.089311  -19.380940      0.370 
   4.100334  -19.380940      0.370 
   4.111357  -19.380940      0.370 
   4.122380  -19.380930      0.370 
   4.133403  -19.380930      0.370 
   4.144426  -19.380930      0.370 
   4.155449  -19.380930      0.370 
   4.166472  -19.380910      0.370 
   4.177496  -19.380910      0.370 
   4.188519  -19.380910      0.370 
   4.199542  -19.380910      0.370 
   4.210565  -19.380910      0.370 
   4.221588  -19.380890      0.370 
   4.232611  -19.380900      0.370 
   4.243634  -19.380870      0.370 
   4.254657  -19.380870      0.370 
 
 
#k-dist(A^-1)  energy(eV)   weight,       3 -th eigen
   0.000000   -7.458770      0.370 
   0.077929   -7.438900      0.370 
   0.155858   -7.379340      0.370 
   0.233787   -7.280240      0.370 
   0.311716   -7.141850      0.370 
   0.389645   -6.964540      0.370 
   0.467574   -6.748840      0.370 
   0.545504   -6.495450      0.370 
   0.623433   -6.205290      0.370 
   0.701362   -6.813010      0.370 
   0.779291   -7.513220      0.370 
   0.857220   -8.219100      0.370 
   0.935149   -8.923920      0.370 
   1.013078   -9.621930      0.370 
   1.091007  -10.308030      0.370 
   1.168936  -10.977210      0.370 
   1.246865  -11.623300      0.370 
   1.324794  -12.235110      0.370 
   1.402723  -12.776930      0.370 
   1.480653  -13.062400      0.370 
   1.480653  -13.062400      0.370 
   1.525645  -13.057650      0.370 
   1.570637  -13.043410      0.370 
   1.615630  -13.019750      0.370 
   1.660622  -12.986770      0.370 
   1.705614  -12.944670      0.370 
   1.750607  -12.893710      0.370 
   1.795599  -12.834200      0.370 
   1.840592  -12.766650      0.370 
   1.885584  -12.691710      0.370 
   1.930576  -12.610330      0.370 
   1.975569  -12.523890      0.370 
   2.020561  -12.434460      0.370 
   2.065553  -12.345230      0.370 
   2.110546  -12.261260      0.370 
   2.155538  -12.190810      0.370 
   2.200531  -12.146970      0.370 
   2.245523  -12.148570      0.370 
   2.290515  -12.215610      0.370 
   2.335508  -12.356080      0.370 
   2.335508  -12.356080      0.370 
   2.425492  -11.984950      0.370 
   2.515477  -11.576970      0.370 
   2.605462  -11.133910      0.370 
   2.695447  -10.656650      0.370 
   2.785431  -10.146310      0.370 
   2.875416   -9.604370      0.370 
   2.965401   -9.032810      0.370 
   3.055386   -8.434200      0.370 
   3.145370   -7.811960      0.370 
   3.235355   -7.170720      0.370 
   3.325340   -6.516740      0.370 
   3.415325   -6.178810      0.370 
   3.505309   -6.514590      0.370 
   3.595294   -6.800940      0.370 
   3.685279   -7.036670      0.370 
   3.775264   -7.220870      0.370 
   3.865248   -7.352890      0.370 
   3.955233   -7.432280      0.370 
   4.045218   -7.458770      0.370 
   4.045218   -7.458770      0.370 
   4.056241   -7.458770      0.370 
   4.067264   -7.458770      0.370 
   4.078287   -7.458770      0.370 
   4.089311   -7.458770      0.370 
   4.100334   -7.458770      0.370 
   4.111357   -7.458770      0.370 
   4.122380   -7.458770      0.370 
   4.133403   -7.458770      0.370 
   4.144426   -7.458770      0.370 
   4.155449   -7.458770      0.370 
   4.166472   -7.458770      0.370 
   4.177496   -7.458770      0.370 
   4.188519   -7.458770      0.370 
   4.199542   -7.458770      0.370 
   4.210565   -7.458770      0.370 
   4.221588   -7.458760      0.370 
   4.232611   -7.458760      0.370 
   4.243634   -7.458760      0.370 
   4.254657   -7.458760      0.370 
 
 
#k-dist(A^-1)  energy(eV)   weight,       4 -th eigen
   0.000000   -7.458760      0.370 
   0.077929   -7.438900      0.370 
   0.155858   -7.379340      0.370 
   0.233787   -7.280240      0.370 
   0.311716   -7.141850      0.370 
   0.389645   -6.964540      0.370 
   0.467574   -6.748840      0.370 
   0.545504   -6.495440      0.370 
   0.623433   -6.205280      0.370 
   0.701362   -6.813010      0.370 
   0.779291   -7.513210      0.370 
   0.857220   -8.219100      0.370 
   0.935149   -8.923920      0.370 
   1.013078   -9.621930      0.370 
   1.091007  -10.308030      0.370 
   1.168936  -10.977210      0.370 
   1.246865  -11.623290      0.370 
   1.324794  -12.235110      0.370 
   1.402723  -12.776920      0.370 
   1.480653  -13.062400      0.370 
   1.480653  -13.062400      0.370 
   1.525645  -13.057640      0.370 
   1.570637  -13.043410      0.370 
   1.615630  -13.019740      0.370 
   1.660622  -12.986760      0.370 
   1.705614  -12.944670      0.370 
   1.750607  -12.893700      0.370 
   1.795599  -12.834190      0.370 
   1.840592  -12.766640      0.370 
   1.885584  -12.691700      0.370 
   1.930576  -12.610320      0.370 
   1.975569  -12.523880      0.370 
   2.020561  -12.434450      0.370 
   2.065553  -12.345220      0.370 
   2.110546  -12.261260      0.370 
   2.155538  -12.190800      0.370 
   2.200531  -12.146960      0.370 
   2.245523  -12.148560      0.370 
   2.290515  -12.215610      0.370 
   2.335508  -12.356080      0.370 
   2.335508  -12.356080      0.370 
   2.425492  -11.984950      0.370 
   2.515477  -11.576970      0.370 
   2.605462  -11.133910      0.370 
   2.695447  -10.656640      0.370 
   2.785431  -10.146300      0.370 
   2.875416   -9.604370      0.370 
   2.965401   -9.032800      0.370 
   3.055386   -8.434200      0.370 
   3.145370   -7.811960      0.370 
   3.235355   -7.170720      0.370 
   3.325340   -6.516740      0.370 
   3.415325   -6.178810      0.370 
   3.505309   -6.514590      0.370 
   3.595294   -6.800940      0.370 
   3.685279   -7.036670      0.370 
   3.775264   -7.220870      0.370 
   3.865248   -7.352890      0.370 
   3.955233   -7.432270      0.370 
   4.045218   -7.458760      0.370 
   4.045218   -7.458760      0.370 
   4.056241   -7.458760      0.370 
   4.067264   -7.458760      0.370 
   4.078287   -7.458760      0.370 
   4.089311   -7.458770      0.370 
   4.100334   -7.458770      0.370 
   4.111357   -7.458770      0.370 
   4.122380   -7.458770      0.370 
   4.133403   -7.458770      0.370 
   4.144426   -7.458760      0.370 
   4.155449   -7.458760      0.370 
   4.166472   -7.458760      0.370 
   4.177496   -7.458760      0.370 
   4.188519   -7.458760      0.370 
   4.199542   -7.458760      0.370 
   4.210565   -7.458760      0.370 
   4.221588   -7.458760      0.370 
   4.232611   -7.458760      0.370 
   4.243634   -7.458760      0.370 
   4.254657   -7.458760      0.370 
 
 
#k-dist(A^-1)  energy(eV)   weight,       5 -th eigen
   0.000000   -2.735600      0.370 
   0.077929   -2.800280      0.370 
   0.155858   -3.001170      0.370 
   0.233787   -3.323210      0.370 
   0.311716   -3.749020      0.370 
   0.389645   -4.259700      0.370 
   0.467574   -4.836880      0.370 
   0.545504   -5.463940      0.370 
   0.623433   -6.126610      0.370 
   0.701362   -5.879570      0.370 
   0.779291   -5.520000      0.370 
   0.857220   -5.160510      1.000 
   0.935149   -5.387540      1.000 
   1.013078   -5.589380      1.000 
   1.091007   -5.763590      1.000 
   1.168936   -5.908350      1.000 
   1.246865   -6.022250      1.000 
   1.324794   -6.104280      1.000 
   1.402723   -6.153770      1.000 
   1.480653   -6.170310      1.000 
   1.480653   -6.170310      1.000 
   1.525645   -6.195210      1.000 
   1.570637   -6.269110      1.000 
   1.615630   -6.389680      1.000 
   1.660622   -6.553360      1.000 
   1.705614   -6.755650      1.000 
   1.750607   -6.991550      1.000 
   1.795599   -7.255820      1.000 
   1.840592   -7.543230      1.000 
   1.885584   -7.848690      1.000 
   1.930576   -8.167220      1.000 
   1.975569   -8.493870      1.000 
   2.020561   -8.823480      1.000 
   2.065553   -9.150170      1.000 
   2.110546   -9.466540      1.000 
   2.155538   -9.762420      1.000 
   2.200531  -10.023020      1.000 
   2.245523  -10.228180      1.000 
   2.290515  -10.356710      1.000 
   2.335508  -10.398530      1.000 
   2.335508  -10.398530      1.000 
   2.425492  -10.266720      1.000 
   2.515477   -9.962450      1.000 
   2.605462   -9.568010      1.000 
   2.695447   -9.117940      1.000 
   2.785431   -8.628490      1.000 
   2.875416   -8.109580      1.000 
   2.965401   -7.568940      1.000 
   3.055386   -7.013830      1.000 
   3.145370   -6.451880      1.000 
   3.235355   -5.891480      0.370 
   3.325340   -5.795150      0.370 
   3.415325   -5.858530      0.370 
   3.505309   -5.207720      0.370 
   3.595294   -4.580210      0.370 
   3.685279   -3.997480      0.370 
   3.775264   -3.487410      0.370 
   3.865248   -3.083770      0.370 
   3.955233   -2.822480      0.370 
   4.045218   -2.735600      0.370 
   4.045218   -2.735600      0.370 
   4.056241   -2.735600      0.370 
   4.067264   -2.735620      0.370 
   4.078287   -2.735620      0.370 
   4.089311   -2.735640      0.370 
   4.100334   -2.735640      0.370 
   4.111357   -2.735640      0.370 
   4.122380   -2.735640      0.370 
   4.133403   -2.735640      0.370 
   4.144426   -2.735650      0.370 
   4.155449   -2.735650      0.370 
   4.166472   -2.735650      0.370 
   4.177496   -2.735650      0.370 
   4.188519   -2.735650      0.370 
   4.199542   -2.735650      0.370 
   4.210565   -2.735650      0.370 
   4.221588   -2.735640      0.370 
   4.232611   -2.735640      0.370 
   4.243634   -2.735640      0.370 
   4.254657   -2.735640      0.370 
 
 
#k-dist(A^-1)  energy(eV)   weight,       6 -th eigen
   0.000000   -2.735600      0.370 
   0.077929   -2.800270      0.370 
   0.155858   -3.001170      0.370 
   0.233787   -3.323200      0.370 
   0.311716   -3.749010      0.370 
   0.389645   -4.259700      0.370 
   0.467574   -4.836880      0.370 
   0.545504   -5.463930      0.370 
   0.623433   -6.126610      0.370 
   0.701362   -5.879560      0.370 
   0.779291   -5.519990      0.370 
   0.857220   -5.160510      1.000 
   0.935149   -5.387540      1.000 
   1.013078   -5.589370      1.000 
   1.091007   -5.763590      1.000 
   1.168936   -5.908340      1.000 
   1.246865   -6.022240      1.000 
   1.324794   -6.104280      1.000 
   1.402723   -6.153760      1.000 
   1.480653   -6.170300      1.000 
   1.480653   -6.170300      1.000 
   1.525645   -6.195200      1.000 
   1.570637   -6.269100      1.000 
   1.615630   -6.389680      1.000 
   1.660622   -6.553350      1.000 
   1.705614   -6.755640      1.000 
   1.750607   -6.991550      1.000 
   1.795599   -7.255810      1.000 
   1.840592   -7.543230      1.000 
   1.885584   -7.848680      1.000 
   1.930576   -8.167210      1.000 
   1.975569   -8.493870      1.000 
   2.020561   -8.823480      1.000 
   2.065553   -9.150160      1.000 
   2.110546   -9.466530      1.000 
   2.155538   -9.762410      1.000 
   2.200531  -10.023020      1.000 
   2.245523  -10.228180      1.000 
   2.290515  -10.356700      1.000 
   2.335508  -10.398530      1.000 
   2.335508  -10.398530      1.000 
   2.425492  -10.266710      1.000 
   2.515477   -9.962450      1.000 
   2.605462   -9.568010      1.000 
   2.695447   -9.117940      1.000 
   2.785431   -8.628490      1.000 
   2.875416   -8.109580      1.000 
   2.965401   -7.568940      1.000 
   3.055386   -7.013830      1.000 
   3.145370   -6.451870      1.000 
   3.235355   -5.891480      0.370 
   3.325340   -5.795150      0.370 
   3.415325   -5.858530      0.370 
   3.505309   -5.207720      0.370 
   3.595294   -4.580210      0.370 
   3.685279   -3.997480      0.370 
   3.775264   -3.487400      0.370 
   3.865248   -3.083770      0.370 
   3.955233   -2.822470      0.370 
   4.045218   -2.735600      0.370 
   4.045218   -2.735600      0.370 
   4.056241   -2.735600      0.370 
   4.067264   -2.735620      0.370 
   4.078287   -2.735620      0.370 
   4.089311   -2.735640      0.370 
   4.100334   -2.735640      0.370 
   4.111357   -2.735640      0.370 
   4.122380   -2.735640      0.370 
   4.133403   -2.735640      0.370 
   4.144426   -2.735640      0.370 
   4.155449   -2.735640      0.370 
   4.166472   -2.735640      0.370 
   4.177496   -2.735640      0.370 
   4.188519   -2.735640      0.370 
   4.199542   -2.735640      0.370 
   4.210565   -2.735640      0.370 
   4.221588   -2.735640      0.370 
   4.232611   -2.735640      0.370 
   4.243634   -2.735640      0.370 
   4.254657   -2.735640      0.370 
 
 
#k-dist(A^-1)  energy(eV)   weight,       7 -th eigen
   0.000000   -2.726300      0.370 
   0.077929   -2.767040      0.370 
   0.155858   -2.874580      0.370 
   0.233787   -3.043170      0.370 
   0.311716   -3.260810      0.370 
   0.389645   -3.513930      0.370 
   0.467574   -3.789450      0.370 
   0.545504   -4.075790      0.370 
   0.623433   -4.363240      0.370 
   0.701362   -4.643840      0.370 
   0.779291   -4.911260      0.370 
   0.857220   -5.128820      1.000 
   0.935149   -4.709430      1.000 
   1.013078   -4.266550      1.000 
   1.091007   -3.807640      1.000 
   1.168936   -3.344770      1.000 
   1.246865   -2.898270      1.000 
   1.324794   -2.503380      1.000 
   1.402723   -2.217100      1.000 
   1.480653   -2.109630      1.000 
   1.480653   -2.109630      1.000 
   1.525645   -2.102880      1.000 
   1.570637   -2.082650      1.000 
   1.615630   -2.048930      1.000 
   1.660622   -2.001730      1.000 
   1.705614   -1.941090      1.000 
   1.750607   -1.867040      1.000 
   1.795599   -1.779610      1.000 
   1.840592   -1.678850      1.000 
   1.885584   -1.564800      1.000 
   1.930576   -1.437520      1.000 
   1.975569   -1.297090      1.000 
   2.020561   -1.143580      1.000 
   2.065553   -0.977080      1.000 
   2.110546   -0.797700      1.000 
   2.155538   -0.605520      1.000 
   2.200531   -0.400680      1.000 
   2.245523   -0.183340      1.000 
   2.290515    0.046440      1.000 
   2.335508    0.288370      1.000 
   2.335508    0.288370      1.000 
   2.425492   -0.238160      1.000 
   2.515477   -0.813330      1.000 
   2.605462   -1.418280      1.000 
   2.695447   -2.035770      1.000 
   2.785431   -2.651210      1.000 
   2.875416   -3.252860      1.000 
   2.965401   -3.831520      1.000 
   3.055386   -4.380010      1.000 
   3.145370   -4.892810      1.000 
   3.235355   -5.365620      0.370 
   3.325340   -5.342080      0.370 
   3.415325   -4.814310      0.370 
   3.505309   -4.319840      0.370 
   3.595294   -3.871200      0.370 
   3.685279   -3.481280      0.370 
   3.775264   -3.162460      0.370 
   3.865248   -2.925770      0.370 
   3.955233   -2.779680      0.370 
   4.045218   -2.726300      0.370 
   4.045218   -2.726300      0.370 
   4.056241   -2.726300      0.370 
   4.067264   -2.726320      0.370 
   4.078287   -2.726320      0.370 
   4.089311   -2.726340      0.370 
   4.100334   -2.726340      0.370 
   4.111357   -2.726340      0.370 
   4.122380   -2.726340      0.370 
   4.133403   -2.726340      0.370 
   4.144426   -2.726340      0.370 
   4.155449   -2.726340      0.370 
   4.166472   -2.726340      0.370 
   4.177496   -2.726340      0.370 
   4.188519   -2.726340      0.370 
   4.199542   -2.726340      0.370 
   4.210565   -2.726340      0.370 
   4.221588   -2.726340      0.370 
   4.232611   -2.726340      0.370 
   4.243634   -2.726340      0.370 
   4.254657   -2.726340      0.370 
 
 
#k-dist(A^-1)  energy(eV)   weight,       8 -th eigen
   0.000000   -2.726290      0.370 
   0.077929   -2.767030      0.370 
   0.155858   -2.874580      0.370 
   0.233787   -3.043170      0.370 
   0.311716   -3.260800      0.370 
   0.389645   -3.513920      0.370 
   0.467574   -3.789440      0.370 
   0.545504   -4.075790      0.370 
   0.623433   -4.363230      0.370 
   0.701362   -4.643840      0.370 
   0.779291   -4.911250      0.370 
   0.857220   -5.128820      1.000 
   0.935149   -4.709430      1.000 
   1.013078   -4.266550      1.000 
   1.091007   -3.807640      1.000 
   1.168936   -3.344770      1.000 
   1.246865   -2.898270      1.000 
   1.324794   -2.503380      1.000 
   1.402723   -2.217100      1.000 
   1.480653   -2.109630      1.000 
   1.480653   -2.109630      1.000 
   1.525645   -2.102880      1.000 
   1.570637   -2.082650      1.000 
   1.615630   -2.048920      1.000 
   1.660622   -2.001730      1.000 
   1.705614   -1.941090      1.000 
   1.750607   -1.867040      1.000 
   1.795599   -1.779610      1.000 
   1.840592   -1.678850      1.000 
   1.885584   -1.564800      1.000 
   1.930576   -1.437520      1.000 
   1.975569   -1.297090      1.000 
   2.020561   -1.143580      1.000 
   2.065553   -0.977080      1.000 
   2.110546   -0.797700      1.000 
   2.155538   -0.605520      1.000 
   2.200531   -0.400680      1.000 
   2.245523   -0.183340      1.000 
   2.290515    0.046440      1.000 
   2.335508    0.288370      1.000 
   2.335508    0.288370      1.000 
   2.425492   -0.238160      1.000 
   2.515477   -0.813330      1.000 
   2.605462   -1.418280      1.000 
   2.695447   -2.035770      1.000 
   2.785431   -2.651210      1.000 
   2.875416   -3.252860      1.000 
   2.965401   -3.831520      1.000 
   3.055386   -4.380010      1.000 
   3.145370   -4.892810      1.000 
   3.235355   -5.365620      0.370 
   3.325340   -5.342080      0.370 
   3.415325   -4.814300      0.370 
   3.505309   -4.319840      0.370 
   3.595294   -3.871200      0.370 
   3.685279   -3.481280      0.370 
   3.775264   -3.162460      0.370 
   3.865248   -2.925770      0.370 
   3.955233   -2.779680      0.370 
   4.045218   -2.726290      0.370 
   4.045218   -2.726290      0.370 
   4.056241   -2.726290      0.370 
   4.067264   -2.726310      0.370 
   4.078287   -2.726310      0.370 
   4.089311   -2.726330      0.370 
   4.100334   -2.726330      0.370 
   4.111357   -2.726330      0.370 
   4.122380   -2.726330      0.370 
   4.133403   -2.726330      0.370 
   4.144426   -2.726330      0.370 
   4.155449   -2.726330      0.370 
   4.166472   -2.726340      0.370 
   4.177496   -2.726340      0.370 
   4.188519   -2.726340      0.370 
   4.199542   -2.726340      0.370 
   4.210565   -2.726340      0.370 
   4.221588   -2.726330      0.370 
   4.232611   -2.726330      0.370 
   4.243634   -2.726330      0.370 
   4.254657   -2.726330      0.370 
 
 
#k-dist(A^-1)  energy(eV)   weight,       9 -th eigen
   0.000000    3.484460      0.037 
   0.077929    3.506970      0.037 
   0.155858    3.574510      0.037 
   0.233787    3.687090      0.037 
   0.311716    3.844720      0.037 
   0.389645    4.047380      0.037 
   0.467574    4.295010      0.037 
   0.545504    4.587540      0.037 
   0.623433    4.924840      0.037 
   0.701362    5.306710      0.037 
   0.779291    5.732880      0.037 
   0.857220    6.202850      1.000 
   0.935149    5.764830      1.000 
   1.013078    5.027650      1.000 
   1.091007    4.306530      1.000 
   1.168936    3.621400      1.000 
   1.246865    2.997760      1.000 
   1.324794    2.473990      1.000 
   1.402723    2.109510      1.000 
   1.480653    1.975810      1.000 
   1.480653    1.975810      1.000 
   1.525645    1.974380      1.000 
   1.570637    1.969860      1.000 
   1.615630    1.961910      1.000 
   1.660622    1.949820      1.000 
   1.705614    1.932620      1.000 
   1.750607    1.909100      1.000 
   1.795599    1.877810      1.000 
   1.840592    1.837040      1.000 
   1.885584    1.784960      1.000 
   1.930576    1.719580      1.000 
   1.975569    1.638880      1.000 
   2.020561    1.540930      1.000 
   2.065553    1.424060      1.000 
   2.110546    1.286930      1.000 
   2.155538    1.128700      1.000 
   2.200531    0.949110      1.000 
   2.245523    0.748420      1.000 
   2.290515    0.527690      1.000 
   2.335508    0.288400      1.000 
   2.335508    0.288400      1.000 
   2.425492    0.808210      1.000 
   2.515477    1.374410      1.000 
   2.605462    1.984880      1.000 
   2.695447    2.636940      1.000 
   2.785431    3.327410      1.000 
   2.875416    4.052350      1.000 
   2.965401    4.806700      1.000 
   3.055386    5.584360      1.000 
   3.145370    6.377720      1.000 
   3.235355    5.915180      0.037 
   3.325340    5.405810      0.037 
   3.415325    4.955840      0.037 
   3.505309    4.565570      0.037 
   3.595294    4.235220      0.037 
   3.685279    3.964890      0.037 
   3.775264    3.754660      0.037 
   3.865248    3.604530      0.037 
   3.955233    3.514480      0.037 
   4.045218    3.484460      0.037 
   4.045218    3.484460      0.037 
   4.056241    3.484650      0.037 
   4.067264    3.485220      0.037 
   4.078287    3.486160      0.037 
   4.089311    3.487450      0.037 
   4.100334    3.489060      0.037 
   4.111357    3.490950      0.037 
   4.122380    3.493090      0.037 
   4.133403    3.495430      0.037 
   4.144426    3.497900      0.037 
   4.155449    3.500460      0.037 
   4.166472    3.503020      0.037 
   4.177496    3.505520      0.037 
   4.188519    3.507880      0.037 
   4.199542    3.510030      0.037 
   4.210565    3.511910      0.037 
   4.221588    3.513440      0.037 
   4.232611    3.514570      0.037 
   4.243634    3.515270      0.037 
   4.254657    3.515510      0.037 
 
 
#k-dist(A^-1)  energy(eV)   weight,      10 -th eigen
   0.000000    3.486280      0.037 
   0.077929    3.508790      0.037 
   0.155858    3.576310      0.037 
   0.233787    3.688880      0.037 
   0.311716    3.846490      0.037 
   0.389645    4.049130      0.037 
   0.467574    4.296740      0.037 
   0.545504    4.589240      0.037 
   0.623433    4.926500      0.037 
   0.701362    5.308330      0.037 
   0.779291    5.734450      0.037 
   0.857220    6.204360      1.000 
   0.935149    5.764830      1.000 
   1.013078    5.027650      1.000 
   1.091007    4.306530      1.000 
   1.168936    3.621400      1.000 
   1.246865    2.997760      1.000 
   1.324794    2.474000      1.000 
   1.402723    2.109510      1.000 
   1.480653    1.975820      1.000 
   1.480653    1.975820      1.000 
   1.525645    1.974380      1.000 
   1.570637    1.969860      1.000 
   1.615630    1.961910      1.000 
   1.660622    1.949820      1.000 
   1.705614    1.932620      1.000 
   1.750607    1.909100      1.000 
   1.795599    1.877820      1.000 
   1.840592    1.837050      1.000 
   1.885584    1.784970      1.000 
   1.930576    1.719580      1.000 
   1.975569    1.638880      1.000 
   2.020561    1.540930      1.000 
   2.065553    1.424070      1.000 
   2.110546    1.286930      1.000 
   2.155538    1.128700      1.000 
   2.200531    0.949110      1.000 
   2.245523    0.748430      1.000 
   2.290515    0.527690      1.000 
   2.335508    0.288400      1.000 
   2.335508    0.288400      1.000 
   2.425492    0.808210      1.000 
   2.515477    1.374410      1.000 
   2.605462    1.984880      1.000 
   2.695447    2.636940      1.000 
   2.785431    3.327410      1.000 
   2.875416    4.052350      1.000 
   2.965401    4.806700      1.000 
   3.055386    5.584360      1.000 
   3.145370    6.377720      1.000 
   3.235355    5.916750      0.037 
   3.325340    5.407430      0.037 
   3.415325    4.957500      0.037 
   3.505309    4.567270      0.037 
   3.595294    4.236950      0.037 
   3.685279    3.966650      0.037 
   3.775264    3.756440      0.037 
   3.865248    3.606330      0.037 
   3.955233    3.516290      0.037 
   4.045218    3.486280      0.037 
   4.045218    3.486280      0.037 
   4.056241    3.486460      0.037 
   4.067264    3.487020      0.037 
   4.078287    3.487930      0.037 
   4.089311    3.489180      0.037 
   4.100334    3.490750      0.037 
   4.111357    3.492590      0.037 
   4.122380    3.494670      0.037 
   4.133403    3.496930      0.037 
   4.144426    3.499340      0.037 
   4.155449    3.501810      0.037 
   4.166472    3.504300      0.037 
   4.177496    3.506720      0.037 
   4.188519    3.509000      0.037 
   4.199542    3.511090      0.037 
   4.210565    3.512900      0.037 
   4.221588    3.514380      0.037 
   4.232611    3.515480      0.037 
   4.243634    3.516150      0.037 
   4.254657    3.516380      0.037 
 
 
#k-dist(A^-1)  energy(eV)   weight,      11 -th eigen
   0.000000    4.386720      0.037 
   0.077929    4.409440      0.037 
   0.155858    4.477620      0.037 
   0.233787    4.591200      0.037 
   0.311716    4.750110      0.037 
   0.389645    4.954250      0.037 
   0.467574    5.203410      0.037 
   0.545504    5.497200      0.037 
   0.623433    5.834760      0.037 
   0.701362    6.213250      0.037 
   0.779291    6.611540      0.037 
   0.857220    6.481820      0.037 
   0.935149    6.715560      0.037 
   1.013078    7.267450      0.037 
   1.091007    7.822640      0.037 
   1.168936    7.966310      0.037 
   1.246865    7.925920      0.037 
   1.324794    7.889140      0.037 
   1.402723    7.865810      0.037 
   1.480653    7.857880      0.037 
   1.480653    7.857880      0.037 
   1.525645    7.891510      0.037 
   1.570637    7.991520      0.037 
   1.615630    8.155460      0.037 
   1.660622    8.379370      0.037 
   1.705614    8.658240      0.037 
   1.750607    8.986470      0.037 
   1.795599    9.357880      0.037 
   1.840592    9.765820      0.037 
   1.885584   10.203650      0.037 
   1.930576   10.664120      0.037 
   1.975569   11.138990      0.037 
   2.020561   11.578160      0.037 
   2.065553   11.422170      0.037 
   2.110546   11.279450      0.037 
   2.155538   11.156960      0.037 
   2.200531   11.059510      0.037 
   2.245523   10.989870      0.037 
   2.290515   10.948970      0.037 
   2.335508   10.935850      0.037 
   2.335508   10.935850      0.037 
   2.425492   10.979310      0.037 
   2.515477   11.063620      0.037 
   2.605462   11.045610      0.037 
   2.695447   10.168260      0.037 
   2.785431    9.326890      0.037 
   2.875416    8.533910      0.037 
   2.965401    7.794130      0.037 
   3.055386    7.110150      0.037 
   3.145370    6.483510      0.037 
   3.235355    6.825530      0.037 
   3.325340    6.317130      0.037 
   3.415325    5.866680      0.037 
   3.505309    5.475150      0.037 
   3.595294    5.143170      0.037 
   3.685279    4.871130      0.037 
   3.775264    4.659320      0.037 
   3.865248    4.507910      0.037 
   3.955233    4.417020      0.037 
   4.045218    4.386720      0.037 
   4.045218    4.386720      0.037 
   4.056241    4.384570      0.037 
   4.067264    4.378310      0.037 
   4.078287    4.368490      0.037 
   4.089311    4.355810      0.037 
   4.100334    4.341050      0.037 
   4.111357    4.324950      0.037 
   4.122380    4.308150      0.037 
   4.133403    4.291180      0.037 
   4.144426    4.274490      0.037 
   4.155449    4.258440      0.037 
   4.166472    4.243340      0.037 
   4.177496    4.229450      0.037 
   4.188519    4.216980      0.037 
   4.199542    4.206120      0.037 
   4.210565    4.197020      0.037 
   4.221588    4.189810      0.037 
   4.232611    4.184590      0.037 
   4.243634    4.181430      0.037 
   4.254657    4.180370      0.037 
 
 
#k-dist(A^-1)  energy(eV)   weight,      12 -th eigen
   0.000000    4.389870      0.037 
   0.077929    4.412590      0.037 
   0.155858    4.480760      0.037 
   0.233787    4.594330      0.037 
   0.311716    4.753230      0.037 
   0.389645    4.957350      0.037 
   0.467574    5.206480      0.037 
   0.545504    5.500240      0.037 
   0.623433    5.837750      0.037 
   0.701362    6.216170      0.037 
   0.779291    6.614150      0.037 
   0.857220    6.481930      0.037 
   0.935149    6.717010      0.037 
   1.013078    7.268800      0.037 
   1.091007    7.823560      0.037 
   1.168936    7.966330      0.037 
   1.246865    7.925930      0.037 
   1.324794    7.889150      0.037 
   1.402723    7.865810      0.037 
   1.480653    7.857880      0.037 
   1.480653    7.857880      0.037 
   1.525645    7.891510      0.037 
   1.570637    7.991530      0.037 
   1.615630    8.155460      0.037 
   1.660622    8.379370      0.037 
   1.705614    8.658250      0.037 
   1.750607    8.986470      0.037 
   1.795599    9.357880      0.037 
   1.840592    9.765820      0.037 
   1.885584   10.203670      0.037 
   1.930576   10.664130      0.037 
   1.975569   11.138990      0.037 
   2.020561   11.578260      0.037 
   2.065553   11.422240      0.037 
   2.110546   11.279500      0.037 
   2.155538   11.157000      0.037 
   2.200531   11.059540      0.037 
   2.245523   10.989900      0.037 
   2.290515   10.948990      0.037 
   2.335508   10.935870      0.037 
   2.335508   10.935870      0.037 
   2.425492   10.979330      0.037 
   2.515477   11.063680      0.037 
   2.605462   11.045880      0.037 
   2.695447   10.169300      0.037 
   2.785431    9.328050      0.037 
   2.875416    8.535190      0.037 
   2.965401    7.795490      0.037 
   3.055386    7.111580      0.037 
   3.145370    6.485010      0.037 
   3.235355    6.828400      0.037 
   3.325340    6.320080      0.037 
   3.415325    5.869680      0.037 
   3.505309    5.478200      0.037 
   3.595294    5.146260      0.037 
   3.685279    4.874240      0.037 
   3.775264    4.662450      0.037 
   3.865248    4.511050      0.037 
   3.955233    4.420170      0.037 
   4.045218    4.389870      0.037 
   4.045218    4.389870      0.037 
   4.056241    4.387820      0.037 
   4.067264    4.381840      0.037 
   4.078287    4.372430      0.037 
   4.089311    4.360250      0.037 
   4.100334    4.346030      0.037 
   4.111357    4.330460      0.037 
   4.122380    4.314160      0.037 
   4.133403    4.297670      0.037 
   4.144426    4.281410      0.037 
   4.155449    4.265750      0.037 
   4.166472    4.251010      0.037 
   4.177496    4.237430      0.037 
   4.188519    4.225230      0.037 
   4.199542    4.214600      0.037 
   4.210565    4.205690      0.037 
   4.221588    4.198630      0.037 
   4.232611    4.193510      0.037 
   4.243634    4.190410      0.037 
   4.254657    4.189370      0.037 
 
 
#k-dist(A^-1)  energy(eV)   weight,      13 -th eigen
   0.000000    4.874240      0.037 
   0.077929    4.897160      0.037 
   0.155858    4.965910      0.037 
   0.233787    5.080510      0.037 
   0.311716    5.240970      0.037 
   0.389645    5.447280      0.037 
   0.467574    5.699430      0.037 
   0.545504    5.997380      0.037 
   0.623433    6.341030      0.037 
   0.701362    6.730250      0.037 
   0.779291    7.164560      0.037 
   0.857220    7.190080      0.037 
   0.935149    7.675300      0.037 
   1.013078    8.158210      0.037 
   1.091007    8.128990      0.037 
   1.168936    8.561950      0.037 
   1.246865    9.233770      0.037 
   1.324794    9.957160      0.037 
   1.402723   10.720710      0.037 
   1.480653   11.451700      0.037 
   1.480653   11.451700      0.037 
   1.525645   11.458240      0.037 
   1.570637   11.477850      0.037 
   1.615630   11.510460      0.037 
   1.660622   11.555960      0.037 
   1.705614   11.614160      0.037 
   1.750607   11.684830      0.037 
   1.795599   11.767670      0.037 
   1.840592   11.862240      0.037 
   1.885584   11.968010      0.037 
   1.930576   11.892940      0.037 
   1.975569   11.738560      0.037 
   2.020561   11.617570      0.037 
   2.065553   12.084410      0.037 
   2.110546   12.510780      0.037 
   2.155538   12.779330      0.037 
   2.200531   12.926000      0.037 
   2.245523   13.067010      0.037 
   2.290515   13.197080      0.037 
   2.335508   13.308740      0.037 
   2.335508   13.308740      0.037 
   2.425492   12.782290      0.037 
   2.515477   11.943130      0.037 
   2.605462   11.048270      0.037 
   2.695447   10.706690      0.037 
   2.785431   10.084980      0.037 
   2.875416    9.377420      0.037 
   2.965401    8.674960      0.037 
   3.055386    8.008570      0.037 
   3.145370    7.390280      0.037 
   3.235355    7.177250      0.037 
   3.325340    6.831050      0.037 
   3.415325    6.372370      0.037 
   3.505309    5.974820      0.037 
   3.595294    5.638450      0.037 
   3.685279    5.363280      0.037 
   3.775264    5.149290      0.037 
   3.865248    4.996470      0.037 
   3.955233    4.904800      0.037 
   4.045218    4.874240      0.037 
   4.045218    4.874240      0.037 
   4.056241    4.877540      0.037 
   4.067264    4.887230      0.037 
   4.078287    4.902790      0.037 
   4.089311    4.923450      0.037 
   4.100334    4.948420      0.037 
   4.111357    4.976920      0.037 
   4.122380    5.008220      0.037 
   4.133403    5.041710      0.037 
   4.144426    5.076790      0.037 
   4.155449    5.112900      0.037 
   4.166472    5.149460      0.037 
   4.177496    5.185830      0.037 
   4.188519    5.221270      0.037 
   4.199542    5.254870      0.037 
   4.210565    5.285500      0.037 
   4.221588    5.311810      0.037 
   4.232611    5.332260      0.037 
   4.243634    5.345340      0.037 
   4.254657    5.349840      0.037 
 
 
#k-dist(A^-1)  energy(eV)   weight,      14 -th eigen
   0.000000    4.894030      0.037 
   0.077929    4.916940      0.037 
   0.155858    4.985700      0.037 
   0.233787    5.100310      0.037 
   0.311716    5.260770      0.037 
   0.389645    5.467080      0.037 
   0.467574    5.719240      0.037 
   0.545504    6.017190      0.037 
   0.623433    6.360850      0.037 
   0.701362    6.750060      0.037 
   0.779291    7.184350      0.037 
   0.857220    7.192950      0.037 
   0.935149    7.678200      0.037 
   1.013078    8.158650      0.037 
   1.091007    8.129520      0.037 
   1.168936    8.563270      0.037 
   1.246865    9.235010      0.037 
   1.324794    9.958300      0.037 
   1.402723   10.721740      0.037 
   1.480653   11.452160      0.037 
   1.480653   11.452160      0.037 
   1.525645   11.458700      0.037 
   1.570637   11.478310      0.037 
   1.615630   11.510910      0.037 
   1.660622   11.556410      0.037 
   1.705614   11.614600      0.037 
   1.750607   11.685260      0.037 
   1.795599   11.768070      0.037 
   1.840592   11.862630      0.037 
   1.885584   11.968390      0.037 
   1.930576   11.893210      0.037 
   1.975569   11.738720      0.037 
   2.020561   11.617600      0.037 
   2.065553   12.084450      0.037 
   2.110546   12.510820      0.037 
   2.155538   12.779520      0.037 
   2.200531   12.926170      0.037 
   2.245523   13.067150      0.037 
   2.290515   13.197190      0.037 
   2.335508   13.308790      0.037 
   2.335508   13.308780      0.037 
   2.425492   12.782660      0.037 
   2.515477   11.943800      0.037 
   2.605462   11.049140      0.037 
   2.695447   10.707690      0.037 
   2.785431   10.086730      0.037 
   2.875416    9.379620      0.037 
   2.965401    8.677430      0.037 
   3.055386    8.011230      0.037 
   3.145370    7.393060      0.037 
   3.235355    7.177250      0.037 
   3.325340    6.850890      0.037 
   3.415325    6.392190      0.037 
   3.505309    5.994640      0.037 
   3.595294    5.658260      0.037 
   3.685279    5.383070      0.037 
   3.775264    5.169080      0.037 
   3.865248    5.016260      0.037 
   3.955233    4.924580      0.037 
   4.045218    4.894030      0.037 
   4.045218    4.894030      0.037 
   4.056241    4.897230      0.037 
   4.067264    4.906650      0.037 
   4.078287    4.921810      0.037 
   4.089311    4.942000      0.037 
   4.100334    4.966470      0.037 
   4.111357    4.994480      0.037 
   4.122380    5.025320      0.037 
   4.133403    5.058380      0.037 
   4.144426    5.093080      0.037 
   4.155449    5.128860      0.037 
   4.166472    5.165130      0.037 
   4.177496    5.201250      0.037 
   4.188519    5.236480      0.037 
   4.199542    5.269900      0.037 
   4.210565    5.300400      0.037 
   4.221588    5.326600      0.037 
   4.232611    5.346980      0.037 
   4.243634    5.360020      0.037 
   4.254657    5.364510      0.037 
 
 
#k-dist(A^-1)  energy(eV)   weight,      15 -th eigen
   0.000000    6.745870      0.037 
   0.077929    6.768460      0.037 
   0.155858    6.836180      0.037 
   0.233787    6.949010      0.037 
   0.311716    7.106800      0.037 
   0.389645    7.309350      0.037 
   0.467574    7.556180      0.037 
   0.545504    7.845730      0.037 
   0.623433    8.166460      0.037 
   0.701362    8.011380      0.037 
   0.779291    7.329430      0.037 
   0.857220    7.642100      0.037 
   0.935149    8.128120      0.037 
   1.013078    8.231040      0.037 
   1.091007    8.834160      0.037 
   1.168936    9.480990      0.037 
   1.246865   10.169440      0.037 
   1.324794   10.896960      0.037 
   1.402723   11.658400      0.037 
   1.480653   11.600470      0.037 
   1.480653   11.600470      0.037 
   1.525645   11.607420      0.037 
   1.570637   11.628250      0.037 
   1.615630   11.662940      0.037 
   1.660622   11.711400      0.037 
   1.705614   11.773530      0.037 
   1.750607   11.849170      0.037 
   1.795599   11.938170      0.037 
   1.840592   12.040300      0.037 
   1.885584   12.030930      0.037 
   1.930576   12.084300      0.037 
   1.975569   12.210160      0.037 
   2.020561   12.344410      0.037 
   2.065553   12.485490      0.037 
   2.110546   12.631400      0.037 
   2.155538   12.843560      0.037 
   2.200531   13.068810      0.037 
   2.245523   13.229720      0.037 
   2.290515   13.328530      0.037 
   2.335508   13.312580      0.037 
   2.335508   13.312580      0.037 
   2.425492   13.466600      0.037 
   2.515477   13.587420      0.037 
   2.605462   12.668260      0.037 
   2.695447   11.737010      0.037 
   2.785431   10.858240      0.037 
   2.875416   10.036970      0.037 
   2.965401    9.274940      0.037 
   3.055386    8.572960      0.037 
   3.145370    7.931490      0.037 
   3.235355    7.350800      0.037 
   3.325340    7.971510      0.037 
   3.415325    8.213710      0.037 
   3.505309    7.826040      0.037 
   3.595294    7.496910      0.037 
   3.685279    7.226970      0.037 
   3.775264    7.016670      0.037 
   3.865248    6.866280      0.037 
   3.955233    6.775980      0.037 
   4.045218    6.745870      0.037 
   4.045218    6.745870      0.037 
   4.056241    6.739050      0.037 
   4.067264    6.719330      0.037 
   4.078287    6.688660      0.037 
   4.089311    6.649460      0.037 
   4.100334    6.604050      0.037 
   4.111357    6.554390      0.037 
   4.122380    6.502040      0.037 
   4.133403    6.448220      0.037 
   4.144426    6.393910      0.037 
   4.155449    6.339950      0.037 
   4.166472    6.287130      0.037 
   4.177496    6.236190      0.037 
   4.188519    6.188000      0.037 
   4.199542    6.143530      0.037 
   4.210565    6.103940      0.037 
   4.221588    6.070640      0.037 
   4.232611    6.045180      0.037 
   4.243634    6.029100      0.037 
   4.254657    6.023590      0.037 
 
 
#k-dist(A^-1)  energy(eV)   weight,      16 -th eigen
   0.000000    6.758910      0.037 
   0.077929    6.781490      0.037 
   0.155858    6.849220      0.037 
   0.233787    6.962040      0.037 
   0.311716    7.119830      0.037 
   0.389645    7.322370      0.037 
   0.467574    7.569190      0.037 
   0.545504    7.858710      0.037 
   0.623433    8.179000      0.037 
   0.701362    8.015000      0.037 
   0.779291    7.329920      0.037 
   0.857220    7.661720      0.037 
   0.935149    8.141840      0.037 
   1.013078    8.233860      0.037 
   1.091007    8.836890      0.037 
   1.168936    9.483620      0.037 
   1.246865   10.171960      0.037 
   1.324794   10.899330      0.037 
   1.402723   11.660600      0.037 
   1.480653   11.601990      0.037 
   1.480653   11.601990      0.037 
   1.525645   11.608940      0.037 
   1.570637   11.629760      0.037 
   1.615630   11.664440      0.037 
   1.660622   11.712890      0.037 
   1.705614   11.774990      0.037 
   1.750607   11.850600      0.037 
   1.795599   11.939570      0.037 
   1.840592   12.041660      0.037 
   1.885584   12.031370      0.037 
   1.930576   12.084650      0.037 
   1.975569   12.210490      0.037 
   2.020561   12.344700      0.037 
   2.065553   12.485750      0.037 
   2.110546   12.631640      0.037 
   2.155538   12.846670      0.037 
   2.200531   13.069080      0.037 
   2.245523   13.229980      0.037 
   2.290515   13.328680      0.037 
   2.335508   13.312630      0.037 
   2.335508   13.312620      0.037 
   2.425492   13.467390      0.037 
   2.515477   13.590210      0.037 
   2.605462   12.687680      0.037 
   2.695447   11.756750      0.037 
   2.785431   10.878070      0.037 
   2.875416   10.056830      0.037 
   2.965401    9.294800      0.037 
   3.055386    8.592820      0.037 
   3.145370    7.951340      0.037 
   3.235355    7.370640      0.037 
   3.325340    7.972950      0.037 
   3.415325    8.226700      0.037 
   3.505309    7.839040      0.037 
   3.595294    7.509920      0.037 
   3.685279    7.240000      0.037 
   3.775264    7.029700      0.037 
   3.865248    6.879320      0.037 
   3.955233    6.789020      0.037 
   4.045218    6.758910      0.037 
   4.045218    6.758910      0.037 
   4.056241    6.752060      0.037 
   4.067264    6.732270      0.037 
   4.078287    6.701500      0.037 
   4.089311    6.662190      0.037 
   4.100334    6.616680      0.037 
   4.111357    6.566930      0.037 
   4.122380    6.514510      0.037 
   4.133403    6.460630      0.037 
   4.144426    6.406290      0.037 
   4.155449    6.352300      0.037 
   4.166472    6.299450      0.037 
   4.177496    6.248510      0.037 
   4.188519    6.200310      0.037 
   4.199542    6.155830      0.037 
   4.210565    6.116240      0.037 
   4.221588    6.082930      0.037 
   4.232611    6.057460      0.037 
   4.243634    6.041370      0.037 
   4.254657    6.035860      0.037 
 
 
