#k-dist(A^-1)  energy(eV)   weight,       1 -th eigen
   0.000000  -12.360860      1.000 
   0.016932  -12.360510      1.000 
   0.033864  -12.359460      1.000 
   0.050796  -12.357700      1.000 
   0.067728  -12.355260      1.000 
   0.084661  -12.352130      1.000 
   0.101593  -12.348320      1.000 
   0.118525  -12.343860      1.000 
   0.135457  -12.338770      1.000 
   0.152389  -12.333080      1.000 
   0.169321  -12.326790      1.000 
   0.186253  -12.319930      1.000 
   0.203185  -12.312550      1.000 
   0.220117  -12.304670      1.000 
   0.237049  -12.296330      1.000 
   0.253982  -12.287570      1.000 
   0.270914  -12.278440      1.000 
   0.287846  -12.268960      1.000 
   0.304778  -12.259200      1.000 
   0.321710  -12.249190      1.000 
   0.338642  -12.239010      1.000 
   0.355574  -12.228690      1.000 
   0.372506  -12.218310      1.000 
   0.389438  -12.207920      1.000 
   0.406370  -12.197580      1.000 
   0.423303  -12.187370      1.000 
   0.440235  -12.177350      1.000 
   0.457167  -12.167590      1.000 
   0.474099  -12.158160      1.000 
   0.491031  -12.149140      1.000 
   0.507963  -12.140610      1.000 
   0.524895  -12.132640      1.000 
   0.541827  -12.125320      1.000 
   0.558759  -12.118710      1.000 
   0.575692  -12.112900      1.000 
   0.592624  -12.107970      1.000 
   0.609556  -12.104000      1.000 
   0.626488  -12.101070      1.000 
   0.643420  -12.099260      1.000 
   0.660352  -12.098640      1.000 
   0.660352  -12.098640      1.000 
   0.694216  -12.101260      1.000 
   0.728080  -12.109470      1.000 
   0.761945  -12.123740      1.000 
   0.795809  -12.144450      1.000 
   0.829673  -12.171870      1.000 
   0.863537  -12.206150      1.000 
   0.897401  -12.247310      1.000 
   0.931266  -12.295230      1.000 
   0.965130  -12.349680      1.000 
   0.998994  -12.410290      1.000 
   1.032858  -12.476590      1.000 
   1.066723  -12.548010      1.000 
   1.100587  -12.623930      1.000 
   1.134451  -12.703650      1.000 
   1.168315  -12.786480      1.000 
   1.202179  -12.871680      1.000 
   1.236044  -12.958540      1.000 
   1.269908  -13.046340      1.000 
   1.303772  -13.134410      1.000 
   1.337636  -13.222110      1.000 
   1.371500  -13.308780      1.000 
   1.405365  -13.393870      1.000 
   1.439229  -13.476820      1.000 
   1.473093  -13.557120      1.000 
   1.506957  -13.634310      1.000 
   1.540821  -13.707950      1.000 
   1.574686  -13.777660      1.000 
   1.608550  -13.843080      1.000 
   1.642414  -13.903860      1.000 
   1.676278  -13.959730      1.000 
   1.710142  -14.010410      1.000 
   1.744007  -14.055670      1.000 
   1.777871  -14.095300      1.000 
   1.811735  -14.129140      1.000 
   1.845599  -14.157020      1.000 
   1.879463  -14.178840      1.000 
   1.913328  -14.194490      1.000 
   1.947192  -14.203900      1.000 
   1.981056  -14.207040      1.000 
   1.981056  -14.207040      1.000 
   2.014920  -14.203900      1.000 
   2.048785  -14.194490      1.000 
   2.082649  -14.178840      1.000 
   2.116513  -14.157020      1.000 
   2.150377  -14.129140      1.000 
   2.184241  -14.095300      1.000 
   2.218106  -14.055670      1.000 
   2.251970  -14.010410      1.000 
   2.285834  -13.959730      1.000 
   2.319698  -13.903860      1.000 
   2.353562  -13.843080      1.000 
   2.387427  -13.777660      1.000 
   2.421291  -13.707950      1.000 
   2.455155  -13.634310      1.000 
   2.489019  -13.557120      1.000 
   2.522883  -13.476820      1.000 
   2.556748  -13.393870      1.000 
   2.590612  -13.308780      1.000 
   2.624476  -13.222110      1.000 
   2.658340  -13.134410      1.000 
   2.692204  -13.046340      1.000 
   2.726069  -12.958540      1.000 
   2.759933  -12.871680      1.000 
   2.793797  -12.786480      1.000 
   2.827661  -12.703650      1.000 
   2.861525  -12.623930      1.000 
   2.895390  -12.548010      1.000 
   2.929254  -12.476590      1.000 
   2.963118  -12.410290      1.000 
   2.996982  -12.349680      1.000 
   3.030847  -12.295230      1.000 
   3.064711  -12.247310      1.000 
   3.098575  -12.206150      1.000 
   3.132439  -12.171870      1.000 
   3.166303  -12.144450      1.000 
   3.200168  -12.123740      1.000 
   3.234032  -12.109470      1.000 
   3.267896  -12.101260      1.000 
   3.301760  -12.098640      1.000 
   3.301760  -12.098640      1.000 
   3.318692  -12.099260      1.000 
   3.335624  -12.101070      1.000 
   3.352556  -12.104000      1.000 
   3.369489  -12.107970      1.000 
   3.386421  -12.112900      1.000 
   3.403353  -12.118710      1.000 
   3.420285  -12.125320      1.000 
   3.437217  -12.132640      1.000 
   3.454149  -12.140610      1.000 
   3.471081  -12.149140      1.000 
   3.488013  -12.158160      1.000 
   3.504945  -12.167590      1.000 
   3.521878  -12.177350      1.000 
   3.538810  -12.187370      1.000 
   3.555742  -12.197580      1.000 
   3.572674  -12.207920      1.000 
   3.589606  -12.218310      1.000 
   3.606538  -12.228690      1.000 
   3.623470  -12.239010      1.000 
   3.640402  -12.249190      1.000 
   3.657334  -12.259200      1.000 
   3.674266  -12.268960      1.000 
   3.691199  -12.278440      1.000 
   3.708131  -12.287570      1.000 
   3.725063  -12.296330      1.000 
   3.741995  -12.304670      1.000 
   3.758927  -12.312550      1.000 
   3.775859  -12.319930      1.000 
   3.792791  -12.326790      1.000 
   3.809723  -12.333080      1.000 
   3.826655  -12.338770      1.000 
   3.843587  -12.343860      1.000 
   3.860520  -12.348320      1.000 
   3.877452  -12.352130      1.000 
   3.894384  -12.355260      1.000 
   3.911316  -12.357700      1.000 
   3.928248  -12.359460      1.000 
   3.945180  -12.360510      1.000 
   3.962112  -12.360860      1.000 
 
 
#k-dist(A^-1)  energy(eV)   weight,       2 -th eigen
   0.000000  -12.183540      1.000 
   0.016932  -12.183290      1.000 
   0.033864  -12.182540      1.000 
   0.050796  -12.181290      1.000 
   0.067728  -12.179550      1.000 
   0.084661  -12.177320      1.000 
   0.101593  -12.174630      1.000 
   0.118525  -12.171470      1.000 
   0.135457  -12.167870      1.000 
   0.152389  -12.163840      1.000 
   0.169321  -12.159400      1.000 
   0.186253  -12.154560      1.000 
   0.203185  -12.149370      1.000 
   0.220117  -12.143830      1.000 
   0.237049  -12.137990      1.000 
   0.253982  -12.131860      1.000 
   0.270914  -12.125490      1.000 
   0.287846  -12.118890      1.000 
   0.304778  -12.112120      1.000 
   0.321710  -12.105200      1.000 
   0.338642  -12.098170      1.000 
   0.355574  -12.091090      1.000 
   0.372506  -12.083990      1.000 
   0.389438  -12.076910      1.000 
   0.406370  -12.069890      1.000 
   0.423303  -12.063000      1.000 
   0.440235  -12.056270      1.000 
   0.457167  -12.049750      1.000 
   0.474099  -12.043480      1.000 
   0.491031  -12.037520      1.000 
   0.507963  -12.031920      1.000 
   0.524895  -12.026720      1.000 
   0.541827  -12.021970      1.000 
   0.558759  -12.017720      1.000 
   0.575692  -12.014010      1.000 
   0.592624  -12.010880      1.000 
   0.609556  -12.008380      1.000 
   0.626488  -12.006550      1.000 
   0.643420  -12.005430      1.000 
   0.660352  -12.005060      1.000 
   0.660352  -12.005060      1.000 
   0.694216  -12.006630      1.000 
   0.728080  -12.011520      1.000 
   0.761945  -12.019880      1.000 
   0.795809  -12.031810      1.000 
   0.829673  -12.047330      1.000 
   0.863537  -12.066420      1.000 
   0.897401  -12.089010      1.000 
   0.931266  -12.114950      1.000 
   0.965130  -12.144050      1.000 
   0.998994  -12.176090      1.000 
   1.032858  -12.210790      1.000 
   1.066723  -12.247870      1.000 
   1.100587  -12.287020      1.000 
   1.134451  -12.327890      1.000 
   1.168315  -12.370170      1.000 
   1.202179  -12.413520      1.000 
   1.236044  -12.457620      1.000 
   1.269908  -12.502120      1.000 
   1.303772  -12.546710      1.000 
   1.337636  -12.591100      1.000 
   1.371500  -12.634990      1.000 
   1.405365  -12.678090      1.000 
   1.439229  -12.720130      1.000 
   1.473093  -12.760880      1.000 
   1.506957  -12.800090      1.000 
   1.540821  -12.837540      1.000 
   1.574686  -12.873030      1.000 
   1.608550  -12.906360      1.000 
   1.642414  -12.937370      1.000 
   1.676278  -12.965900      1.000 
   1.710142  -12.991800      1.000 
   1.744007  -13.014950      1.000 
   1.777871  -13.035230      1.000 
   1.811735  -13.052570      1.000 
   1.845599  -13.066850      1.000 
   1.879463  -13.078030      1.000 
   1.913328  -13.086050      1.000 
   1.947192  -13.090870      1.000 
   1.981056  -13.092490      1.000 
   1.981056  -13.092490      1.000 
   2.014920  -13.090870      1.000 
   2.048785  -13.086050      1.000 
   2.082649  -13.078030      1.000 
   2.116513  -13.066850      1.000 
   2.150377  -13.052570      1.000 
   2.184241  -13.035230      1.000 
   2.218106  -13.014950      1.000 
   2.251970  -12.991800      1.000 
   2.285834  -12.965900      1.000 
   2.319698  -12.937370      1.000 
   2.353562  -12.906360      1.000 
   2.387427  -12.873030      1.000 
   2.421291  -12.837540      1.000 
   2.455155  -12.800090      1.000 
   2.489019  -12.760880      1.000 
   2.522883  -12.720130      1.000 
   2.556748  -12.678090      1.000 
   2.590612  -12.634990      1.000 
   2.624476  -12.591100      1.000 
   2.658340  -12.546710      1.000 
   2.692204  -12.502120      1.000 
   2.726069  -12.457620      1.000 
   2.759933  -12.413520      1.000 
   2.793797  -12.370170      1.000 
   2.827661  -12.327890      1.000 
   2.861525  -12.287020      1.000 
   2.895390  -12.247870      1.000 
   2.929254  -12.210790      1.000 
   2.963118  -12.176090      1.000 
   2.996982  -12.144050      1.000 
   3.030847  -12.114950      1.000 
   3.064711  -12.089010      1.000 
   3.098575  -12.066420      1.000 
   3.132439  -12.047330      1.000 
   3.166303  -12.031810      1.000 
   3.200168  -12.019880      1.000 
   3.234032  -12.011520      1.000 
   3.267896  -12.006630      1.000 
   3.301760  -12.005060      1.000 
   3.301760  -12.005060      1.000 
   3.318692  -12.005430      1.000 
   3.335624  -12.006550      1.000 
   3.352556  -12.008380      1.000 
   3.369489  -12.010880      1.000 
   3.386421  -12.014010      1.000 
   3.403353  -12.017720      1.000 
   3.420285  -12.021970      1.000 
   3.437217  -12.026720      1.000 
   3.454149  -12.031920      1.000 
   3.471081  -12.037520      1.000 
   3.488013  -12.043480      1.000 
   3.504945  -12.049750      1.000 
   3.521878  -12.056270      1.000 
   3.538810  -12.063000      1.000 
   3.555742  -12.069890      1.000 
   3.572674  -12.076910      1.000 
   3.589606  -12.083990      1.000 
   3.606538  -12.091090      1.000 
   3.623470  -12.098170      1.000 
   3.640402  -12.105200      1.000 
   3.657334  -12.112120      1.000 
   3.674266  -12.118890      1.000 
   3.691199  -12.125490      1.000 
   3.708131  -12.131860      1.000 
   3.725063  -12.137990      1.000 
   3.741995  -12.143830      1.000 
   3.758927  -12.149370      1.000 
   3.775859  -12.154560      1.000 
   3.792791  -12.159400      1.000 
   3.809723  -12.163840      1.000 
   3.826655  -12.167870      1.000 
   3.843587  -12.171470      1.000 
   3.860520  -12.174630      1.000 
   3.877452  -12.177320      1.000 
   3.894384  -12.179550      1.000 
   3.911316  -12.181290      1.000 
   3.928248  -12.182540      1.000 
   3.945180  -12.183290      1.000 
   3.962112  -12.183540      1.000 
 
 
#k-dist(A^-1)  energy(eV)   weight,       3 -th eigen
   0.000000   -5.904860      1.000 
   0.016932   -5.903800      1.000 
   0.033864   -5.900610      1.000 
   0.050796   -5.895310      1.000 
   0.067728   -5.887890      1.000 
   0.084661   -5.878370      1.000 
   0.101593   -5.866760      1.000 
   0.118525   -5.853090      1.000 
   0.135457   -5.837360      1.000 
   0.152389   -5.819600      1.000 
   0.169321   -5.799840      1.000 
   0.186253   -5.778110      1.000 
   0.203185   -5.754430      1.000 
   0.220117   -5.728840      1.000 
   0.237049   -5.701380      1.000 
   0.253982   -5.672090      1.000 
   0.270914   -5.641020      1.000 
   0.287846   -5.608200      1.000 
   0.304778   -5.573700      1.000 
   0.321710   -5.537560      1.000 
   0.338642   -5.499860      1.000 
   0.355574   -5.460640      1.000 
   0.372506   -5.420000      1.000 
   0.389438   -5.378000      1.000 
   0.406370   -5.334730      1.000 
   0.423303   -5.320200      1.000 
   0.440235   -5.340090      1.000 
   0.457167   -5.359420      1.000 
   0.474099   -5.378010      1.000 
   0.491031   -5.395720      1.000 
   0.507963   -5.412390      1.000 
   0.524895   -5.427850      1.000 
   0.541827   -5.441970      1.000 
   0.558759   -5.454600      1.000 
   0.575692   -5.465600      1.000 
   0.592624   -5.474850      1.000 
   0.609556   -5.482220      1.000 
   0.626488   -5.487620      1.000 
   0.643420   -5.490920      1.000 
   0.660352   -5.492050      1.000 
   0.660352   -5.492050      1.000 
   0.694216   -5.487400      1.000 
   0.728080   -5.473070      1.000 
   0.761945   -5.448630      1.000 
   0.795809   -5.413740      1.000 
   0.829673   -5.368220      1.000 
   0.863537   -5.312020      1.000 
   0.897401   -5.245220      1.000 
   0.931266   -5.189000      1.000 
   0.965130   -5.213490      1.000 
   0.998994   -5.225940      1.000 
   1.032858   -5.226870      1.000 
   1.066723   -5.217150      1.000 
   1.100587   -5.197950      1.000 
   1.134451   -5.170770      1.000 
   1.168315   -5.137560      1.000 
   1.202179   -5.100770      1.000 
   1.236044   -5.063530      1.000 
   1.269908   -5.029610      1.000 
   1.303772   -5.003400      1.000 
   1.337636   -4.989190      1.000 
   1.371500   -4.990170      1.000 
   1.405365   -5.007450      1.000 
   1.439229   -5.039820      1.000 
   1.473093   -5.084500      1.000 
   1.506957   -5.138160      1.000 
   1.540821   -5.197610      1.000 
   1.574686   -5.260110      1.000 
   1.608550   -5.323400      1.000 
   1.642414   -5.385680      1.000 
   1.676278   -5.445500      1.000 
   1.710142   -5.501650      1.000 
   1.744007   -5.553160      1.000 
   1.777871   -5.599250      1.000 
   1.811735   -5.639270      1.000 
   1.845599   -5.672690      1.000 
   1.879463   -5.699090      1.000 
   1.913328   -5.718160      1.000 
   1.947192   -5.729690      1.000 
   1.981056   -5.733550      1.000 
   1.981056   -5.733550      1.000 
   2.014920   -5.729690      1.000 
   2.048785   -5.718160      1.000 
   2.082649   -5.699090      1.000 
   2.116513   -5.672690      1.000 
   2.150377   -5.639270      1.000 
   2.184241   -5.599250      1.000 
   2.218106   -5.553160      1.000 
   2.251970   -5.501650      1.000 
   2.285834   -5.445500      1.000 
   2.319698   -5.385680      1.000 
   2.353562   -5.323400      1.000 
   2.387427   -5.260110      1.000 
   2.421291   -5.197610      1.000 
   2.455155   -5.138160      1.000 
   2.489019   -5.084500      1.000 
   2.522883   -5.039820      1.000 
   2.556748   -5.007450      1.000 
   2.590612   -4.990170      1.000 
   2.624476   -4.989190      1.000 
   2.658340   -5.003400      1.000 
   2.692204   -5.029610      1.000 
   2.726069   -5.063530      1.000 
   2.759933   -5.100770      1.000 
   2.793797   -5.137560      1.000 
   2.827661   -5.170770      1.000 
   2.861525   -5.197950      1.000 
   2.895390   -5.217150      1.000 
   2.929254   -5.226870      1.000 
   2.963118   -5.225940      1.000 
   2.996982   -5.213490      1.000 
   3.030847   -5.189000      1.000 
   3.064711   -5.245220      1.000 
   3.098575   -5.312020      1.000 
   3.132439   -5.368220      1.000 
   3.166303   -5.413740      1.000 
   3.200168   -5.448630      1.000 
   3.234032   -5.473070      1.000 
   3.267896   -5.487400      1.000 
   3.301760   -5.492050      1.000 
   3.301760   -5.492050      1.000 
   3.318692   -5.490920      1.000 
   3.335624   -5.487620      1.000 
   3.352556   -5.482220      1.000 
   3.369489   -5.474850      1.000 
   3.386421   -5.465600      1.000 
   3.403353   -5.454600      1.000 
   3.420285   -5.441970      1.000 
   3.437217   -5.427850      1.000 
   3.454149   -5.412390      1.000 
   3.471081   -5.395720      1.000 
   3.488013   -5.378010      1.000 
   3.504945   -5.359420      1.000 
   3.521878   -5.340090      1.000 
   3.538810   -5.320200      1.000 
   3.555742   -5.334730      1.000 
   3.572674   -5.378000      1.000 
   3.589606   -5.420000      1.000 
   3.606538   -5.460640      1.000 
   3.623470   -5.499860      1.000 
   3.640402   -5.537560      1.000 
   3.657334   -5.573700      1.000 
   3.674266   -5.608200      1.000 
   3.691199   -5.641020      1.000 
   3.708131   -5.672090      1.000 
   3.725063   -5.701380      1.000 
   3.741995   -5.728840      1.000 
   3.758927   -5.754430      1.000 
   3.775859   -5.778110      1.000 
   3.792791   -5.799840      1.000 
   3.809723   -5.819600      1.000 
   3.826655   -5.837360      1.000 
   3.843587   -5.853090      1.000 
   3.860520   -5.866760      1.000 
   3.877452   -5.878370      1.000 
   3.894384   -5.887890      1.000 
   3.911316   -5.895310      1.000 
   3.928248   -5.900610      1.000 
   3.945180   -5.903800      1.000 
   3.962112   -5.904860      1.000 
 
 
#k-dist(A^-1)  energy(eV)   weight,       4 -th eigen
   0.000000   -4.997890      1.000 
   0.016932   -4.998440      1.000 
   0.033864   -5.000100      1.000 
   0.050796   -5.002870      1.000 
   0.067728   -5.006750      1.000 
   0.084661   -5.011770      1.000 
   0.101593   -5.017920      1.000 
   0.118525   -5.025220      1.000 
   0.135457   -5.033680      1.000 
   0.152389   -5.043300      1.000 
   0.169321   -5.054080      1.000 
   0.186253   -5.066010      1.000 
   0.203185   -5.079070      1.000 
   0.220117   -5.093240      1.000 
   0.237049   -5.108470      1.000 
   0.253982   -5.124700      1.000 
   0.270914   -5.141860      1.000 
   0.287846   -5.159880      1.000 
   0.304778   -5.178640      1.000 
   0.321710   -5.198040      1.000 
   0.338642   -5.217950      1.000 
   0.355574   -5.238240      1.000 
   0.372506   -5.258770      1.000 
   0.389438   -5.279370      1.000 
   0.406370   -5.299900      1.000 
   0.423303   -5.290300      1.000 
   0.440235   -5.244820      1.000 
   0.457167   -5.198430      1.000 
   0.474099   -5.151290      1.000 
   0.491031   -5.103590      1.000 
   0.507963   -5.055600      1.000 
   0.524895   -5.007640      1.000 
   0.541827   -4.960150      1.000 
   0.558759   -4.913740      1.000 
   0.575692   -4.869260      1.000 
   0.592624   -4.827940      1.000 
   0.609556   -4.791510      1.000 
   0.626488   -4.762340      1.000 
   0.643420   -4.743180      1.000 
   0.660352   -4.736480      1.000 
   0.660352   -4.736480      1.000 
   0.694216   -4.761660      1.000 
   0.728080   -4.822870      1.000 
   0.761945   -4.898090      1.000 
   0.795809   -4.973830      1.000 
   0.829673   -5.043400      1.000 
   0.863537   -5.103440      1.000 
   0.897401   -5.152240      1.000 
   0.931266   -5.168020      1.000 
   0.965130   -5.080740      1.000 
   0.998994   -4.983800      1.000 
   1.032858   -4.877750      1.000 
   1.066723   -4.763250      1.000 
   1.100587   -4.641130      1.000 
   1.134451   -4.512350      1.000 
   1.168315   -4.378150      1.000 
   1.202179   -4.240120      1.000 
   1.236044   -4.100360      1.000 
   1.269908   -3.961790      1.000 
   1.303772   -3.934390      1.000 
   1.337636   -3.932310      1.000 
   1.371500   -3.912200      1.000 
   1.405365   -3.872700      1.000 
   1.439229   -3.814840      1.000 
   1.473093   -3.741340      1.000 
   1.506957   -3.655560      1.000 
   1.540821   -3.560900      1.000 
   1.574686   -3.460430      1.000 
   1.608550   -3.356870      1.000 
   1.642414   -3.252660      1.000 
   1.676278   -3.150070      1.000 
   1.710142   -3.051200      1.000 
   1.744007   -2.958070      1.000 
   1.777871   -2.872640      1.000 
   1.811735   -2.796680      1.000 
   1.845599   -2.731910      1.000 
   1.879463   -2.679810      1.000 
   1.913328   -2.641640      1.000 
   1.947192   -2.618340      1.000 
   1.981056   -2.610510      1.000 
   1.981056   -2.610510      1.000 
   2.014920   -2.618340      1.000 
   2.048785   -2.641640      1.000 
   2.082649   -2.679810      1.000 
   2.116513   -2.731910      1.000 
   2.150377   -2.796680      1.000 
   2.184241   -2.872640      1.000 
   2.218106   -2.958070      1.000 
   2.251970   -3.051200      1.000 
   2.285834   -3.150070      1.000 
   2.319698   -3.252660      1.000 
   2.353562   -3.356870      1.000 
   2.387427   -3.460430      1.000 
   2.421291   -3.560900      1.000 
   2.455155   -3.655560      1.000 
   2.489019   -3.741340      1.000 
   2.522883   -3.814840      1.000 
   2.556748   -3.872700      1.000 
   2.590612   -3.912200      1.000 
   2.624476   -3.932310      1.000 
   2.658340   -3.934390      1.000 
   2.692204   -3.961790      1.000 
   2.726069   -4.100360      1.000 
   2.759933   -4.240120      1.000 
   2.793797   -4.378150      1.000 
   2.827661   -4.512350      1.000 
   2.861525   -4.641130      1.000 
   2.895390   -4.763250      1.000 
   2.929254   -4.877750      1.000 
   2.963118   -4.983810      1.000 
   2.996982   -5.080740      1.000 
   3.030847   -5.168020      1.000 
   3.064711   -5.152240      1.000 
   3.098575   -5.103440      1.000 
   3.132439   -5.043400      1.000 
   3.166303   -4.973830      1.000 
   3.200168   -4.898090      1.000 
   3.234032   -4.822870      1.000 
   3.267896   -4.761660      1.000 
   3.301760   -4.736480      1.000 
   3.301760   -4.736480      1.000 
   3.318692   -4.743180      1.000 
   3.335624   -4.762340      1.000 
   3.352556   -4.791510      1.000 
   3.369489   -4.827940      1.000 
   3.386421   -4.869260      1.000 
   3.403353   -4.913740      1.000 
   3.420285   -4.960150      1.000 
   3.437217   -5.007640      1.000 
   3.454149   -5.055600      1.000 
   3.471081   -5.103590      1.000 
   3.488013   -5.151290      1.000 
   3.504945   -5.198430      1.000 
   3.521878   -5.244820      1.000 
   3.538810   -5.290300      1.000 
   3.555742   -5.299900      1.000 
   3.572674   -5.279370      1.000 
   3.589606   -5.258770      1.000 
   3.606538   -5.238240      1.000 
   3.623470   -5.217950      1.000 
   3.640402   -5.198040      1.000 
   3.657334   -5.178640      1.000 
   3.674266   -5.159880      1.000 
   3.691199   -5.141860      1.000 
   3.708131   -5.124700      1.000 
   3.725063   -5.108470      1.000 
   3.741995   -5.093240      1.000 
   3.758927   -5.079070      1.000 
   3.775859   -5.066010      1.000 
   3.792791   -5.054080      1.000 
   3.809723   -5.043300      1.000 
   3.826655   -5.033680      1.000 
   3.843587   -5.025220      1.000 
   3.860520   -5.017920      1.000 
   3.877452   -5.011770      1.000 
   3.894384   -5.006750      1.000 
   3.911316   -5.002870      1.000 
   3.928248   -5.000100      1.000 
   3.945180   -4.998440      1.000 
   3.962112   -4.997890      1.000 
 
 
#k-dist(A^-1)  energy(eV)   weight,       5 -th eigen
   0.000000   -4.209240      1.000 
   0.016932   -4.208840      1.000 
   0.033864   -4.207630      1.000 
   0.050796   -4.205610      1.000 
   0.067728   -4.202820      1.000 
   0.084661   -4.199250      1.000 
   0.101593   -4.194950      1.000 
   0.118525   -4.189930      1.000 
   0.135457   -4.184220      1.000 
   0.152389   -4.177870      1.000 
   0.169321   -4.170920      1.000 
   0.186253   -4.163420      1.000 
   0.203185   -4.155400      1.000 
   0.220117   -4.146950      1.000 
   0.237049   -4.138120      1.000 
   0.253982   -4.128980      1.000 
   0.270914   -4.119590      1.000 
   0.287846   -4.110040      1.000 
   0.304778   -4.100420      1.000 
   0.321710   -4.090800      1.000 
   0.338642   -4.081320      1.000 
   0.355574   -4.072070      1.000 
   0.372506   -4.063190      1.000 
   0.389438   -4.054840      1.000 
   0.406370   -4.047200      1.000 
   0.423303   -4.040510      1.000 
   0.440235   -4.035070      1.000 
   0.457167   -4.031240      1.000 
   0.474099   -4.029530      1.000 
   0.491031   -4.030570      1.000 
   0.507963   -4.035180      1.000 
   0.524895   -4.044260      1.000 
   0.541827   -4.058690      1.000 
   0.558759   -4.078930      1.000 
   0.575692   -4.104510      1.000 
   0.592624   -4.133660      1.000 
   0.609556   -4.163310      1.000 
   0.626488   -4.189460      1.000 
   0.643420   -4.207720      1.000 
   0.660352   -4.214360      1.000 
   0.660352   -4.214360      1.000 
   0.694216   -4.188020      1.000 
   0.728080   -4.121370      1.000 
   0.761945   -4.036290      1.000 
   0.795809   -3.949890      1.000 
   0.829673   -3.875550      1.000 
   0.863537   -3.821410      1.000 
   0.897401   -3.786730      1.000 
   0.931266   -3.766370      1.000 
   0.965130   -3.756350      1.000 
   0.998994   -3.754600      1.000 
   1.032858   -3.760160      1.000 
   1.066723   -3.772510      1.000 
   1.100587   -3.791070      1.000 
   1.134451   -3.814900      1.000 
   1.168315   -3.842530      1.000 
   1.202179   -3.871760      1.000 
   1.236044   -3.899530      1.000 
   1.269908   -3.921940      1.000 
   1.303772   -3.828390      1.000 
   1.337636   -3.704710      1.000 
   1.371500   -3.594040      1.000 
   1.405365   -3.495820      1.000 
   1.439229   -3.405970      1.000 
   1.473093   -3.319910      1.000 
   1.506957   -3.234290      1.000 
   1.540821   -3.147190      1.000 
   1.574686   -3.057670      1.000 
   1.608550   -2.965430      1.000 
   1.642414   -2.870620      1.000 
   1.676278   -2.773680      1.000 
   1.710142   -2.675290      1.000 
   1.744007   -2.576400      1.000 
   1.777871   -2.489950      1.000 
   1.811735   -2.526020      1.000 
   1.845599   -2.556050      1.000 
   1.879463   -2.579710      1.000 
   1.913328   -2.596770      1.000 
   1.947192   -2.607070      1.000 
   1.981056   -2.610510      1.000 
   1.981056   -2.610510      1.000 
   2.014920   -2.607070      1.000 
   2.048785   -2.596770      1.000 
   2.082649   -2.579710      1.000 
   2.116513   -2.556050      1.000 
   2.150377   -2.526020      1.000 
   2.184241   -2.489950      1.000 
   2.218106   -2.576400      1.000 
   2.251970   -2.675290      1.000 
   2.285834   -2.773680      1.000 
   2.319698   -2.870620      1.000 
   2.353562   -2.965430      1.000 
   2.387427   -3.057670      1.000 
   2.421291   -3.147190      1.000 
   2.455155   -3.234290      1.000 
   2.489019   -3.319910      1.000 
   2.522883   -3.405970      1.000 
   2.556748   -3.495820      1.000 
   2.590612   -3.594040      1.000 
   2.624476   -3.704710      1.000 
   2.658340   -3.828390      1.000 
   2.692204   -3.921940      1.000 
   2.726069   -3.899530      1.000 
   2.759933   -3.871760      1.000 
   2.793797   -3.842530      1.000 
   2.827661   -3.814900      1.000 
   2.861525   -3.791070      1.000 
   2.895390   -3.772510      1.000 
   2.929254   -3.760160      1.000 
   2.963118   -3.754600      1.000 
   2.996982   -3.756350      1.000 
   3.030847   -3.766370      1.000 
   3.064711   -3.786730      1.000 
   3.098575   -3.821410      1.000 
   3.132439   -3.875550      1.000 
   3.166303   -3.949890      1.000 
   3.200168   -4.036290      1.000 
   3.234032   -4.121370      1.000 
   3.267896   -4.188020      1.000 
   3.301760   -4.214360      1.000 
   3.301760   -4.214360      1.000 
   3.318692   -4.207720      1.000 
   3.335624   -4.189460      1.000 
   3.352556   -4.163310      1.000 
   3.369489   -4.133660      1.000 
   3.386421   -4.104510      1.000 
   3.403353   -4.078930      1.000 
   3.420285   -4.058690      1.000 
   3.437217   -4.044260      1.000 
   3.454149   -4.035180      1.000 
   3.471081   -4.030570      1.000 
   3.488013   -4.029530      1.000 
   3.504945   -4.031240      1.000 
   3.521878   -4.035070      1.000 
   3.538810   -4.040510      1.000 
   3.555742   -4.047200      1.000 
   3.572674   -4.054840      1.000 
   3.589606   -4.063190      1.000 
   3.606538   -4.072070      1.000 
   3.623470   -4.081320      1.000 
   3.640402   -4.090800      1.000 
   3.657334   -4.100420      1.000 
   3.674266   -4.110040      1.000 
   3.691199   -4.119590      1.000 
   3.708131   -4.128980      1.000 
   3.725063   -4.138120      1.000 
   3.741995   -4.146950      1.000 
   3.758927   -4.155400      1.000 
   3.775859   -4.163420      1.000 
   3.792791   -4.170920      1.000 
   3.809723   -4.177870      1.000 
   3.826655   -4.184220      1.000 
   3.843587   -4.189930      1.000 
   3.860520   -4.194950      1.000 
   3.877452   -4.199250      1.000 
   3.894384   -4.202820      1.000 
   3.911316   -4.205610      1.000 
   3.928248   -4.207630      1.000 
   3.945180   -4.208840      1.000 
   3.962112   -4.209240      1.000 
 
 
#k-dist(A^-1)  energy(eV)   weight,       6 -th eigen
   0.000000   -3.205810      1.000 
   0.016932   -3.206530      1.000 
   0.033864   -3.208670      1.000 
   0.050796   -3.212160      1.000 
   0.067728   -3.216880      1.000 
   0.084661   -3.222670      1.000 
   0.101593   -3.229340      1.000 
   0.118525   -3.236680      1.000 
   0.135457   -3.244480      1.000 
   0.152389   -3.252480      1.000 
   0.169321   -3.260440      1.000 
   0.186253   -3.268140      1.000 
   0.203185   -3.275340      1.000 
   0.220117   -3.281840      1.000 
   0.237049   -3.287470      1.000 
   0.253982   -3.292050      1.000 
   0.270914   -3.295440      1.000 
   0.287846   -3.297530      1.000 
   0.304778   -3.298220      1.000 
   0.321710   -3.297440      1.000 
   0.338642   -3.295200      1.000 
   0.355574   -3.291460      1.000 
   0.372506   -3.286240      1.000 
   0.389438   -3.279580      1.000 
   0.406370   -3.271530      1.000 
   0.423303   -3.262200      1.000 
   0.440235   -3.251700      1.000 
   0.457167   -3.240160      1.000 
   0.474099   -3.282250      1.000 
   0.491031   -3.360640      1.000 
   0.507963   -3.433190      1.000 
   0.524895   -3.498550      1.000 
   0.541827   -3.555300      1.000 
   0.558759   -3.602290      1.000 
   0.575692   -3.639020      1.000 
   0.592624   -3.665950      1.000 
   0.609556   -3.684320      1.000 
   0.626488   -3.695730      1.000 
   0.643420   -3.701700      1.000 
   0.660352   -3.703480      1.000 
   0.660352   -3.703480      1.000 
   0.694216   -3.697720      1.000 
   0.728080   -3.682270      1.000 
   0.761945   -3.657180      1.000 
   0.795809   -3.618980      1.000 
   0.829673   -3.561440      1.000 
   0.863537   -3.480540      1.000 
   0.897401   -3.379790      1.000 
   0.931266   -3.374570      1.000 
   0.965130   -3.410760      1.000 
   0.998994   -3.442020      1.000 
   1.032858   -3.467380      1.000 
   1.066723   -3.486050      1.000 
   1.100587   -3.497300      1.000 
   1.134451   -3.500350      1.000 
   1.168315   -3.494430      1.000 
   1.202179   -3.478530      1.000 
   1.236044   -3.451270      1.000 
   1.269908   -3.410560      1.000 
   1.303772   -3.353500      1.000 
   1.337636   -3.276640      1.000 
   1.371500   -3.178030      1.000 
   1.405365   -3.059710      1.000 
   1.439229   -2.927300      1.000 
   1.473093   -2.787130      1.000 
   1.506957   -2.644440      1.000 
   1.540821   -2.503110      1.000 
   1.574686   -2.366080      1.000 
   1.608550   -2.239920      1.000 
   1.642414   -2.296310      1.000 
   1.676278   -2.350620      1.000 
   1.710142   -2.401590      1.000 
   1.744007   -2.448290      1.000 
   1.777871   -2.478250      1.000 
   1.811735   -2.382500      1.000 
   1.845599   -2.291420      1.000 
   1.879463   -2.208440      1.000 
   1.913328   -2.138850      1.000 
   1.947192   -2.090590      1.000 
   1.981056   -2.072950      1.000 
   1.981056   -2.072950      1.000 
   2.014920   -2.090590      1.000 
   2.048785   -2.138850      1.000 
   2.082649   -2.208440      1.000 
   2.116513   -2.291420      1.000 
   2.150377   -2.382500      1.000 
   2.184241   -2.478250      1.000 
   2.218106   -2.448290      1.000 
   2.251970   -2.401590      1.000 
   2.285834   -2.350620      1.000 
   2.319698   -2.296310      1.000 
   2.353562   -2.239920      1.000 
   2.387427   -2.366090      1.000 
   2.421291   -2.503110      1.000 
   2.455155   -2.644440      1.000 
   2.489019   -2.787130      1.000 
   2.522883   -2.927300      1.000 
   2.556748   -3.059710      1.000 
   2.590612   -3.178030      1.000 
   2.624476   -3.276640      1.000 
   2.658340   -3.353500      1.000 
   2.692204   -3.410560      1.000 
   2.726069   -3.451270      1.000 
   2.759933   -3.478530      1.000 
   2.793797   -3.494430      1.000 
   2.827661   -3.500350      1.000 
   2.861525   -3.497300      1.000 
   2.895390   -3.486050      1.000 
   2.929254   -3.467380      1.000 
   2.963118   -3.442020      1.000 
   2.996982   -3.410760      1.000 
   3.030847   -3.374570      1.000 
   3.064711   -3.379790      1.000 
   3.098575   -3.480540      1.000 
   3.132439   -3.561440      1.000 
   3.166303   -3.618980      1.000 
   3.200168   -3.657180      1.000 
   3.234032   -3.682270      1.000 
   3.267896   -3.697720      1.000 
   3.301760   -3.703480      1.000 
   3.301760   -3.703480      1.000 
   3.318692   -3.701700      1.000 
   3.335624   -3.695730      1.000 
   3.352556   -3.684320      1.000 
   3.369489   -3.665950      1.000 
   3.386421   -3.639020      1.000 
   3.403353   -3.602290      1.000 
   3.420285   -3.555300      1.000 
   3.437217   -3.498550      1.000 
   3.454149   -3.433190      1.000 
   3.471081   -3.360640      1.000 
   3.488013   -3.282250      1.000 
   3.504945   -3.240160      1.000 
   3.521878   -3.251700      1.000 
   3.538810   -3.262200      1.000 
   3.555742   -3.271530      1.000 
   3.572674   -3.279580      1.000 
   3.589606   -3.286240      1.000 
   3.606538   -3.291460      1.000 
   3.623470   -3.295200      1.000 
   3.640402   -3.297440      1.000 
   3.657334   -3.298220      1.000 
   3.674266   -3.297530      1.000 
   3.691199   -3.295440      1.000 
   3.708131   -3.292050      1.000 
   3.725063   -3.287470      1.000 
   3.741995   -3.281840      1.000 
   3.758927   -3.275340      1.000 
   3.775859   -3.268140      1.000 
   3.792791   -3.260440      1.000 
   3.809723   -3.252480      1.000 
   3.826655   -3.244480      1.000 
   3.843587   -3.236680      1.000 
   3.860520   -3.229340      1.000 
   3.877452   -3.222670      1.000 
   3.894384   -3.216880      1.000 
   3.911316   -3.212160      1.000 
   3.928248   -3.208670      1.000 
   3.945180   -3.206530      1.000 
   3.962112   -3.205810      1.000 
 
 
#k-dist(A^-1)  energy(eV)   weight,       7 -th eigen
   0.000000   -2.169710      1.000 
   0.016932   -2.169390      1.000 
   0.033864   -2.168440      1.000 
   0.050796   -2.166900      1.000 
   0.067728   -2.164880      1.000 
   0.084661   -2.162470      1.000 
   0.101593   -2.159810      1.000 
   0.118525   -2.157050      1.000 
   0.135457   -2.154360      1.000 
   0.152389   -2.151880      1.000 
   0.169321   -2.149790      1.000 
   0.186253   -2.148240      1.000 
   0.203185   -2.147390      1.000 
   0.220117   -2.147360      1.000 
   0.237049   -2.148290      1.000 
   0.253982   -2.150280      1.000 
   0.270914   -2.163670      1.000 
   0.287846   -2.259170      1.000 
   0.304778   -2.355430      1.000 
   0.321710   -2.452130      1.000 
   0.338642   -2.548960      1.000 
   0.355574   -2.645590      1.000 
   0.372506   -2.741670      1.000 
   0.389438   -2.836820      1.000 
   0.406370   -2.930650      1.000 
   0.423303   -3.022690      1.000 
   0.440235   -3.112420      1.000 
   0.457167   -3.199200      1.000 
   0.474099   -3.227740      1.000 
   0.491031   -3.214630      1.000 
   0.507963   -3.201070      1.000 
   0.524895   -3.187310      1.000 
   0.541827   -3.173670      1.000 
   0.558759   -3.160480      1.000 
   0.575692   -3.148140      1.000 
   0.592624   -3.137090      1.000 
   0.609556   -3.127760      1.000 
   0.626488   -3.120620      1.000 
   0.643420   -3.116100      1.000 
   0.660352   -3.114530      1.000 
   0.660352   -3.114530      1.000 
   0.694216   -3.121050      1.000 
   0.728080   -3.140250      1.000 
   0.761945   -3.170070      1.000 
   0.795809   -3.207380      1.000 
   0.829673   -3.248980      1.000 
   0.863537   -3.292110      1.000 
   0.897401   -3.334560      1.000 
   0.931266   -3.266460      1.000 
   0.965130   -3.146370      1.000 
   0.998994   -3.023160      1.000 
   1.032858   -2.899140      1.000 
   1.066723   -2.775900      1.000 
   1.100587   -2.654800      1.000 
   1.134451   -2.537120      1.000 
   1.168315   -2.424320      1.000 
   1.202179   -2.318240      1.000 
   1.236044   -2.221260      1.000 
   1.269908   -2.136460      1.000 
   1.303772   -2.067530      1.000 
   1.337636   -2.018160      1.000 
   1.371500   -1.990960      1.000 
   1.405365   -1.986220      1.000 
   1.439229   -2.001680      1.000 
   1.473093   -2.033320      1.000 
   1.506957   -2.076700      1.000 
   1.540821   -2.127740      1.000 
   1.574686   -2.183040      1.000 
   1.608550   -2.235680      1.000 
   1.642414   -2.113770      1.000 
   1.676278   -2.001850      1.000 
   1.710142   -1.901020      1.000 
   1.744007   -1.812010      1.000 
   1.777871   -1.735280      1.000 
   1.811735   -1.670960      1.000 
   1.845599   -1.618910      1.000 
   1.879463   -1.578890      1.000 
   1.913328   -1.550610      1.000 
   1.947192   -1.533780      1.000 
   1.981056   -1.528200      1.000 
   1.981056   -1.528200      1.000 
   2.014920   -1.533780      1.000 
   2.048785   -1.550610      1.000 
   2.082649   -1.578890      1.000 
   2.116513   -1.618910      1.000 
   2.150377   -1.670960      1.000 
   2.184241   -1.735280      1.000 
   2.218106   -1.812010      1.000 
   2.251970   -1.901020      1.000 
   2.285834   -2.001850      1.000 
   2.319698   -2.113770      1.000 
   2.353562   -2.235680      1.000 
   2.387427   -2.183040      1.000 
   2.421291   -2.127740      1.000 
   2.455155   -2.076700      1.000 
   2.489019   -2.033320      1.000 
   2.522883   -2.001680      1.000 
   2.556748   -1.986220      1.000 
   2.590612   -1.990960      1.000 
   2.624476   -2.018160      1.000 
   2.658340   -2.067530      1.000 
   2.692204   -2.136460      1.000 
   2.726069   -2.221260      1.000 
   2.759933   -2.318240      1.000 
   2.793797   -2.424320      1.000 
   2.827661   -2.537120      1.000 
   2.861525   -2.654800      1.000 
   2.895390   -2.775900      1.000 
   2.929254   -2.899140      1.000 
   2.963118   -3.023160      1.000 
   2.996982   -3.146370      1.000 
   3.030847   -3.266460      1.000 
   3.064711   -3.334560      1.000 
   3.098575   -3.292110      1.000 
   3.132439   -3.248980      1.000 
   3.166303   -3.207380      1.000 
   3.200168   -3.170070      1.000 
   3.234032   -3.140250      1.000 
   3.267896   -3.121050      1.000 
   3.301760   -3.114530      1.000 
   3.301760   -3.114530      1.000 
   3.318692   -3.116100      1.000 
   3.335624   -3.120620      1.000 
   3.352556   -3.127760      1.000 
   3.369489   -3.137090      1.000 
   3.386421   -3.148140      1.000 
   3.403353   -3.160480      1.000 
   3.420285   -3.173670      1.000 
   3.437217   -3.187310      1.000 
   3.454149   -3.201070      1.000 
   3.471081   -3.214630      1.000 
   3.488013   -3.227740      1.000 
   3.504945   -3.199200      1.000 
   3.521878   -3.112420      1.000 
   3.538810   -3.022690      1.000 
   3.555742   -2.930650      1.000 
   3.572674   -2.836820      1.000 
   3.589606   -2.741670      1.000 
   3.606538   -2.645590      1.000 
   3.623470   -2.548960      1.000 
   3.640402   -2.452130      1.000 
   3.657334   -2.355430      1.000 
   3.674266   -2.259170      1.000 
   3.691199   -2.163670      1.000 
   3.708131   -2.150280      1.000 
   3.725063   -2.148290      1.000 
   3.741995   -2.147360      1.000 
   3.758927   -2.147390      1.000 
   3.775859   -2.148240      1.000 
   3.792791   -2.149790      1.000 
   3.809723   -2.151880      1.000 
   3.826655   -2.154360      1.000 
   3.843587   -2.157050      1.000 
   3.860520   -2.159810      1.000 
   3.877452   -2.162470      1.000 
   3.894384   -2.164880      1.000 
   3.911316   -2.166900      1.000 
   3.928248   -2.168440      1.000 
   3.945180   -2.169390      1.000 
   3.962112   -2.169710      1.000 
 
 
#k-dist(A^-1)  energy(eV)   weight,       8 -th eigen
   0.000000   -1.031310      1.000 
   0.016932   -1.045560      1.000 
   0.033864   -1.081680      1.000 
   0.050796   -1.130400      1.000 
   0.067728   -1.187010      1.000 
   0.084661   -1.249390      1.000 
   0.101593   -1.316580      1.000 
   0.118525   -1.387970      1.000 
   0.135457   -1.463150      1.000 
   0.152389   -1.541770      1.000 
   0.169321   -1.623550      1.000 
   0.186253   -1.708160      1.000 
   0.203185   -1.795330      1.000 
   0.220117   -1.884760      1.000 
   0.237049   -1.976160      1.000 
   0.253982   -2.069230      1.000 
   0.270914   -2.153440      1.000 
   0.287846   -2.157830      1.000 
   0.304778   -2.163510      1.000 
   0.321710   -2.170520      1.000 
   0.338642   -2.178890      1.000 
   0.355574   -2.188620      1.000 
   0.372506   -2.199690      1.000 
   0.389438   -2.212050      1.000 
   0.406370   -2.225630      1.000 
   0.423303   -2.240360      1.000 
   0.440235   -2.256110      1.000 
   0.457167   -2.272730      1.000 
   0.474099   -2.290050      1.000 
   0.491031   -2.307850      1.000 
   0.507963   -2.325890      1.000 
   0.524895   -2.343850      1.000 
   0.541827   -2.361400      1.000 
   0.558759   -2.378150      1.000 
   0.575692   -2.393660      1.000 
   0.592624   -2.407440      1.000 
   0.609556   -2.419000      1.000 
   0.626488   -2.427800      1.000 
   0.643420   -2.433380      1.000 
   0.660352   -2.435310      1.000 
   0.660352   -2.435310      1.000 
   0.694216   -2.427210      1.000 
   0.728080   -2.402970      1.000 
   0.761945   -2.364150      1.000 
   0.795809   -2.313510      1.000 
   0.829673   -2.253870      1.000 
   0.863537   -2.187720      1.000 
   0.897401   -2.117050      1.000 
   0.931266   -2.043460      1.000 
   0.965130   -1.968260      1.000 
   0.998994   -1.892540      1.000 
   1.032858   -1.817250      1.000 
   1.066723   -1.743220      1.000 
   1.100587   -1.671220      1.000 
   1.134451   -1.601910      1.000 
   1.168315   -1.535910      1.000 
   1.202179   -1.473780      1.000 
   1.236044   -1.416020      1.000 
   1.269908   -1.363060      1.000 
   1.303772   -1.315280      1.000 
   1.337636   -1.272990      1.000 
   1.371500   -1.236470      1.000 
   1.405365   -1.205920      1.000 
   1.439229   -1.181530      1.000 
   1.473093   -1.163390      1.000 
   1.506957   -1.151660      1.000 
   1.540821   -1.146410      1.000 
   1.574686   -1.147720      1.000 
   1.608550   -1.155660      1.000 
   1.642414   -1.170270      1.000 
   1.676278   -1.191570      1.000 
   1.710142   -1.219470      1.000 
   1.744007   -1.253750      1.000 
   1.777871   -1.293920      1.000 
   1.811735   -1.339110      1.000 
   1.845599   -1.387710      1.000 
   1.879463   -1.436960      1.000 
   1.913328   -1.482090      1.000 
   1.947192   -1.515520      1.000 
   1.981056   -1.528190      1.000 
   1.981056   -1.528190      1.000 
   2.014920   -1.515520      1.000 
   2.048785   -1.482090      1.000 
   2.082649   -1.436960      1.000 
   2.116513   -1.387710      1.000 
   2.150377   -1.339110      1.000 
   2.184241   -1.293920      1.000 
   2.218106   -1.253750      1.000 
   2.251970   -1.219470      1.000 
   2.285834   -1.191570      1.000 
   2.319698   -1.170270      1.000 
   2.353562   -1.155660      1.000 
   2.387427   -1.147720      1.000 
   2.421291   -1.146410      1.000 
   2.455155   -1.151660      1.000 
   2.489019   -1.163390      1.000 
   2.522883   -1.181530      1.000 
   2.556748   -1.205920      1.000 
   2.590612   -1.236470      1.000 
   2.624476   -1.272990      1.000 
   2.658340   -1.315280      1.000 
   2.692204   -1.363060      1.000 
   2.726069   -1.416020      1.000 
   2.759933   -1.473780      1.000 
   2.793797   -1.535910      1.000 
   2.827661   -1.601910      1.000 
   2.861525   -1.671220      1.000 
   2.895390   -1.743220      1.000 
   2.929254   -1.817250      1.000 
   2.963118   -1.892540      1.000 
   2.996982   -1.968260      1.000 
   3.030847   -2.043460      1.000 
   3.064711   -2.117050      1.000 
   3.098575   -2.187720      1.000 
   3.132439   -2.253870      1.000 
   3.166303   -2.313510      1.000 
   3.200168   -2.364150      1.000 
   3.234032   -2.402970      1.000 
   3.267896   -2.427210      1.000 
   3.301760   -2.435310      1.000 
   3.301760   -2.435310      1.000 
   3.318692   -2.433380      1.000 
   3.335624   -2.427800      1.000 
   3.352556   -2.419000      1.000 
   3.369489   -2.407440      1.000 
   3.386421   -2.393660      1.000 
   3.403353   -2.378150      1.000 
   3.420285   -2.361400      1.000 
   3.437217   -2.343850      1.000 
   3.454149   -2.325890      1.000 
   3.471081   -2.307850      1.000 
   3.488013   -2.290050      1.000 
   3.504945   -2.272730      1.000 
   3.521878   -2.256110      1.000 
   3.538810   -2.240360      1.000 
   3.555742   -2.225630      1.000 
   3.572674   -2.212050      1.000 
   3.589606   -2.199690      1.000 
   3.606538   -2.188620      1.000 
   3.623470   -2.178890      1.000 
   3.640402   -2.170520      1.000 
   3.657334   -2.163510      1.000 
   3.674266   -2.157830      1.000 
   3.691199   -2.153440      1.000 
   3.708131   -2.069230      1.000 
   3.725063   -1.976160      1.000 
   3.741995   -1.884760      1.000 
   3.758927   -1.795330      1.000 
   3.775859   -1.708160      1.000 
   3.792791   -1.623550      1.000 
   3.809723   -1.541770      1.000 
   3.826655   -1.463150      1.000 
   3.843587   -1.387970      1.000 
   3.860520   -1.316580      1.000 
   3.877452   -1.249390      1.000 
   3.894384   -1.187010      1.000 
   3.911316   -1.130400      1.000 
   3.928248   -1.081680      1.000 
   3.945180   -1.045560      1.000 
   3.962112   -1.031310      1.000 
 
 
#k-dist(A^-1)  energy(eV)   weight,       9 -th eigen
   0.000000   -0.849340      1.000 
   0.016932   -0.838870      1.000 
   0.033864   -0.814060      1.000 
   0.050796   -0.784070      1.000 
   0.067728   -0.753430      1.000 
   0.084661   -0.723940      1.000 
   0.101593   -0.696310      1.000 
   0.118525   -0.670730      1.000 
   0.135457   -0.647190      1.000 
   0.152389   -0.625570      1.000 
   0.169321   -0.605680      1.000 
   0.186253   -0.587300      1.000 
   0.203185   -0.570190      1.000 
   0.220117   -0.554110      1.000 
   0.237049   -0.538820      1.000 
   0.253982   -0.524090      1.000 
   0.270914   -0.509700      1.000 
   0.287846   -0.495450      1.000 
   0.304778   -0.481150      1.000 
   0.321710   -0.466640      1.000 
   0.338642   -0.451780      1.000 
   0.355574   -0.436480      1.000 
   0.372506   -0.420650      1.000 
   0.389438   -0.404250      1.000 
   0.406370   -0.387240      1.000 
   0.423303   -0.369670      1.000 
   0.440235   -0.351610      1.000 
   0.457167   -0.333140      1.000 
   0.474099   -0.314420      1.000 
   0.491031   -0.295630      1.000 
   0.507963   -0.277010      1.000 
   0.524895   -0.258830      1.000 
   0.541827   -0.241410      1.000 
   0.558759   -0.225100      1.000 
   0.575692   -0.210260      1.000 
   0.592624   -0.197310      1.000 
   0.609556   -0.186640      1.000 
   0.626488   -0.178620      1.000 
   0.643420   -0.173610      1.000 
   0.660352   -0.171900      1.000 
   0.660352   -0.171900      1.000 
   0.694216   -0.179090      1.000 
   0.728080   -0.200910      1.000 
   0.761945   -0.236560      1.000 
   0.795809   -0.284060      1.000 
   0.829673   -0.340690      1.000 
   0.863537   -0.403500      1.000 
   0.897401   -0.469600      1.000 
   0.931266   -0.536400      1.000 
   0.965130   -0.601700      1.000 
   0.998994   -0.663740      1.000 
   1.032858   -0.721250      1.000 
   1.066723   -0.773470      1.000 
   1.100587   -0.820080      1.000 
   1.134451   -0.861100      1.000 
   1.168315   -0.896700      1.000 
   1.202179   -0.926880      1.000 
   1.236044   -0.951080      1.000 
   1.269908   -0.967820      1.000 
   1.303772   -0.974730      1.000 
   1.337636   -0.968990      1.000 
   1.371500   -0.948510      1.000 
   1.405365   -0.913230      1.000 
   1.439229   -0.865450      1.000 
   1.473093   -0.809150      1.000 
   1.506957   -0.748700      1.000 
   1.540821   -0.688050      1.000 
   1.574686   -0.630270      1.000 
   1.608550   -0.577540      1.000 
   1.642414   -0.531140      1.000 
   1.676278   -0.491690      1.000 
   1.710142   -0.459130      1.000 
   1.744007   -0.433020      1.000 
   1.777871   -0.412680      1.000 
   1.811735   -0.397270      1.000 
   1.845599   -0.385970      1.000 
   1.879463   -0.378010      1.000 
   1.913328   -0.372810      1.000 
   1.947192   -0.369870      1.000 
   1.981056   -0.368930      1.000 
   1.981056   -0.368930      1.000 
   2.014920   -0.369870      1.000 
   2.048785   -0.372810      1.000 
   2.082649   -0.378010      1.000 
   2.116513   -0.385970      1.000 
   2.150377   -0.397270      1.000 
   2.184241   -0.412680      1.000 
   2.218106   -0.433020      1.000 
   2.251970   -0.459130      1.000 
   2.285834   -0.491690      1.000 
   2.319698   -0.531140      1.000 
   2.353562   -0.577540      1.000 
   2.387427   -0.630270      1.000 
   2.421291   -0.688050      1.000 
   2.455155   -0.748700      1.000 
   2.489019   -0.809150      1.000 
   2.522883   -0.865450      1.000 
   2.556748   -0.913230      1.000 
   2.590612   -0.948510      1.000 
   2.624476   -0.968990      1.000 
   2.658340   -0.974730      1.000 
   2.692204   -0.967820      1.000 
   2.726069   -0.951080      1.000 
   2.759933   -0.926880      1.000 
   2.793797   -0.896700      1.000 
   2.827661   -0.861100      1.000 
   2.861525   -0.820080      1.000 
   2.895390   -0.773470      1.000 
   2.929254   -0.721250      1.000 
   2.963118   -0.663740      1.000 
   2.996982   -0.601700      1.000 
   3.030847   -0.536400      1.000 
   3.064711   -0.469600      1.000 
   3.098575   -0.403500      1.000 
   3.132439   -0.340690      1.000 
   3.166303   -0.284060      1.000 
   3.200168   -0.236560      1.000 
   3.234032   -0.200910      1.000 
   3.267896   -0.179090      1.000 
   3.301760   -0.171900      1.000 
   3.301760   -0.171900      1.000 
   3.318692   -0.173610      1.000 
   3.335624   -0.178620      1.000 
   3.352556   -0.186640      1.000 
   3.369489   -0.197310      1.000 
   3.386421   -0.210260      1.000 
   3.403353   -0.225100      1.000 
   3.420285   -0.241410      1.000 
   3.437217   -0.258830      1.000 
   3.454149   -0.277010      1.000 
   3.471081   -0.295630      1.000 
   3.488013   -0.314420      1.000 
   3.504945   -0.333140      1.000 
   3.521878   -0.351610      1.000 
   3.538810   -0.369670      1.000 
   3.555742   -0.387240      1.000 
   3.572674   -0.404250      1.000 
   3.589606   -0.420650      1.000 
   3.606538   -0.436480      1.000 
   3.623470   -0.451780      1.000 
   3.640402   -0.466640      1.000 
   3.657334   -0.481150      1.000 
   3.674266   -0.495450      1.000 
   3.691199   -0.509700      1.000 
   3.708131   -0.524090      1.000 
   3.725063   -0.538820      1.000 
   3.741995   -0.554110      1.000 
   3.758927   -0.570190      1.000 
   3.775859   -0.587300      1.000 
   3.792791   -0.605680      1.000 
   3.809723   -0.625570      1.000 
   3.826655   -0.647190      1.000 
   3.843587   -0.670730      1.000 
   3.860520   -0.696310      1.000 
   3.877452   -0.723940      1.000 
   3.894384   -0.753430      1.000 
   3.911316   -0.784070      1.000 
   3.928248   -0.814060      1.000 
   3.945180   -0.838870      1.000 
   3.962112   -0.849340      1.000 
 
 
#k-dist(A^-1)  energy(eV)   weight,      10 -th eigen
   0.000000    2.066690      1.000 
   0.016932    2.066950      1.000 
   0.033864    2.067730      1.000 
   0.050796    2.068940      1.000 
   0.067728    2.070440      1.000 
   0.084661    2.072030      1.000 
   0.101593    2.073490      1.000 
   0.118525    2.074580      1.000 
   0.135457    2.075000      1.000 
   0.152389    2.074480      1.000 
   0.169321    2.072750      1.000 
   0.186253    2.069600      1.000 
   0.203185    2.064820      1.000 
   0.220117    2.058240      1.000 
   0.237049    2.049760      1.000 
   0.253982    2.039360      1.000 
   0.270914    2.027020      1.000 
   0.287846    2.012770      1.000 
   0.304778    1.996680      1.000 
   0.321710    1.978850      1.000 
   0.338642    1.959380      1.000 
   0.355574    1.938420      1.000 
   0.372506    1.916130      1.000 
   0.389438    1.892690      1.000 
   0.406370    1.868290      1.000 
   0.423303    1.843160      1.000 
   0.440235    1.817510      1.000 
   0.457167    1.791630      1.000 
   0.474099    1.765780      1.000 
   0.491031    1.740290      1.000 
   0.507963    1.715470      1.000 
   0.524895    1.691700      1.000 
   0.541827    1.669340      1.000 
   0.558759    1.648780      1.000 
   0.575692    1.630440      1.000 
   0.592624    1.614700      1.000 
   0.609556    1.601940      1.000 
   0.626488    1.592510      1.000 
   0.643420    1.586700      1.000 
   0.660352    1.584740      1.000 
   0.660352    1.584740      1.000 
   0.694216    1.592730      1.000 
   0.728080    1.616240      1.000 
   0.761945    1.653300      1.000 
   0.795809    1.700540      1.000 
   0.829673    1.753570      1.000 
   0.863537    1.807560      1.000 
   0.897401    1.857510      1.000 
   0.931266    1.898360      1.000 
   0.965130    1.925210      1.000 
   0.998994    1.933700      1.000 
   1.032858    1.921300      1.000 
   1.066723    1.889070      1.000 
   1.100587    1.842320      1.000 
   1.134451    1.788780      1.000 
   1.168315    1.735960      1.000 
   1.202179    1.689740      1.000 
   1.236044    1.654170      1.000 
   1.269908    1.631620      1.000 
   1.303772    1.623030      1.000 
   1.337636    1.628150      1.000 
   1.371500    1.645860      1.000 
   1.405365    1.674460      1.000 
   1.439229    1.712070      1.000 
   1.473093    1.757060      1.000 
   1.506957    1.808350      1.000 
   1.540821    1.865530      1.000 
   1.574686    1.928740      1.000 
   1.608550    1.998280      1.000 
   1.642414    2.074140      1.000 
   1.676278    2.155710      1.000 
   1.710142    2.241640      1.000 
   1.744007    2.329870      1.000 
   1.777871    2.417630      1.000 
   1.811735    2.465070      1.000 
   1.845599    2.505180      1.000 
   1.879463    2.540390      1.000 
   1.913328    2.567900      1.000 
   1.947192    2.585430      1.000 
   1.981056    2.591430      1.000 
   1.981056    2.591430      1.000 
   2.014920    2.585430      1.000 
   2.048785    2.567900      1.000 
   2.082649    2.540390      1.000 
   2.116513    2.505180      1.000 
   2.150377    2.465070      1.000 
   2.184241    2.417630      1.000 
   2.218106    2.329870      1.000 
   2.251970    2.241640      1.000 
   2.285834    2.155710      1.000 
   2.319698    2.074140      1.000 
   2.353562    1.998280      1.000 
   2.387427    1.928740      1.000 
   2.421291    1.865530      1.000 
   2.455155    1.808350      1.000 
   2.489019    1.757060      1.000 
   2.522883    1.712070      1.000 
   2.556748    1.674460      1.000 
   2.590612    1.645860      1.000 
   2.624476    1.628150      1.000 
   2.658340    1.623030      1.000 
   2.692204    1.631620      1.000 
   2.726069    1.654170      1.000 
   2.759933    1.689740      1.000 
   2.793797    1.735960      1.000 
   2.827661    1.788780      1.000 
   2.861525    1.842320      1.000 
   2.895390    1.889070      1.000 
   2.929254    1.921300      1.000 
   2.963118    1.933700      1.000 
   2.996982    1.925210      1.000 
   3.030847    1.898360      1.000 
   3.064711    1.857510      1.000 
   3.098575    1.807560      1.000 
   3.132439    1.753570      1.000 
   3.166303    1.700540      1.000 
   3.200168    1.653300      1.000 
   3.234032    1.616240      1.000 
   3.267896    1.592730      1.000 
   3.301760    1.584740      1.000 
   3.301760    1.584740      1.000 
   3.318692    1.586700      1.000 
   3.335624    1.592510      1.000 
   3.352556    1.601940      1.000 
   3.369489    1.614700      1.000 
   3.386421    1.630440      1.000 
   3.403353    1.648780      1.000 
   3.420285    1.669340      1.000 
   3.437217    1.691700      1.000 
   3.454149    1.715470      1.000 
   3.471081    1.740290      1.000 
   3.488013    1.765780      1.000 
   3.504945    1.791630      1.000 
   3.521878    1.817510      1.000 
   3.538810    1.843160      1.000 
   3.555742    1.868290      1.000 
   3.572674    1.892690      1.000 
   3.589606    1.916130      1.000 
   3.606538    1.938420      1.000 
   3.623470    1.959380      1.000 
   3.640402    1.978850      1.000 
   3.657334    1.996680      1.000 
   3.674266    2.012770      1.000 
   3.691199    2.027020      1.000 
   3.708131    2.039360      1.000 
   3.725063    2.049760      1.000 
   3.741995    2.058240      1.000 
   3.758927    2.064820      1.000 
   3.775859    2.069600      1.000 
   3.792791    2.072750      1.000 
   3.809723    2.074480      1.000 
   3.826655    2.075000      1.000 
   3.843587    2.074580      1.000 
   3.860520    2.073490      1.000 
   3.877452    2.072030      1.000 
   3.894384    2.070440      1.000 
   3.911316    2.068940      1.000 
   3.928248    2.067730      1.000 
   3.945180    2.066950      1.000 
   3.962112    2.066690      1.000 
 
 
#k-dist(A^-1)  energy(eV)   weight,      11 -th eigen
   0.000000    2.530040      1.000 
   0.016932    2.530520      1.000 
   0.033864    2.532000      1.000 
   0.050796    2.534500      1.000 
   0.067728    2.538100      1.000 
   0.084661    2.542920      1.000 
   0.101593    2.549050      1.000 
   0.118525    2.556620      1.000 
   0.135457    2.565780      1.000 
   0.152389    2.576640      1.000 
   0.169321    2.589320      1.000 
   0.186253    2.603890      1.000 
   0.203185    2.620400      1.000 
   0.220117    2.638830      1.000 
   0.237049    2.659130      1.000 
   0.253982    2.681240      1.000 
   0.270914    2.705000      1.000 
   0.287846    2.730290      1.000 
   0.304778    2.756920      1.000 
   0.321710    2.784710      1.000 
   0.338642    2.813450      1.000 
   0.355574    2.842940      1.000 
   0.372506    2.872970      1.000 
   0.389438    2.903320      1.000 
   0.406370    2.933770      1.000 
   0.423303    2.916230      1.000 
   0.440235    2.882460      1.000 
   0.457167    2.851460      1.000 
   0.474099    2.823270      1.000 
   0.491031    2.797880      1.000 
   0.507963    2.775280      1.000 
   0.524895    2.755470      1.000 
   0.541827    2.738350      1.000 
   0.558759    2.723870      1.000 
   0.575692    2.711950      1.000 
   0.592624    2.702490      1.000 
   0.609556    2.695370      1.000 
   0.626488    2.690450      1.000 
   0.643420    2.687610      1.000 
   0.660352    2.686710      1.000 
   0.660352    2.686710      1.000 
   0.694216    2.690020      1.000 
   0.728080    2.698980      1.000 
   0.761945    2.712070      1.000 
   0.795809    2.727670      1.000 
   0.829673    2.744060      1.000 
   0.863537    2.759500      1.000 
   0.897401    2.772230      1.000 
   0.931266    2.767910      1.000 
   0.965130    2.678270      1.000 
   0.998994    2.596720      1.000 
   1.032858    2.527690      1.000 
   1.066723    2.472560      1.000 
   1.100587    2.429090      1.000 
   1.134451    2.393160      1.000 
   1.168315    2.360950      1.000 
   1.202179    2.330320      1.000 
   1.236044    2.300620      1.000 
   1.269908    2.272410      1.000 
   1.303772    2.246910      1.000 
   1.337636    2.225760      1.000 
   1.371500    2.210820      1.000 
   1.405365    2.203890      1.000 
   1.439229    2.206490      1.000 
   1.473093    2.219570      1.000 
   1.506957    2.243250      1.000 
   1.540821    2.262500      1.000 
   1.574686    2.261970      1.000 
   1.608550    2.270220      1.000 
   1.642414    2.287120      1.000 
   1.676278    2.312130      1.000 
   1.710142    2.344250      1.000 
   1.744007    2.381910      1.000 
   1.777871    2.423020      1.000 
   1.811735    2.501660      1.000 
   1.845599    2.578240      1.000 
   1.879463    2.641900      1.000 
   1.913328    2.614020      1.000 
   1.947192    2.597120      1.000 
   1.981056    2.591450      1.000 
   1.981056    2.591460      1.000 
   2.014920    2.597110      1.000 
   2.048785    2.614020      1.000 
   2.082649    2.641940      1.000 
   2.116513    2.578240      1.000 
   2.150377    2.501660      1.000 
   2.184241    2.423020      1.000 
   2.218106    2.381910      1.000 
   2.251970    2.344250      1.000 
   2.285834    2.312130      1.000 
   2.319698    2.287120      1.000 
   2.353562    2.270220      1.000 
   2.387427    2.261970      1.000 
   2.421291    2.262500      1.000 
   2.455155    2.243250      1.000 
   2.489019    2.219570      1.000 
   2.522883    2.206490      1.000 
   2.556748    2.203890      1.000 
   2.590612    2.210820      1.000 
   2.624476    2.225760      1.000 
   2.658340    2.246910      1.000 
   2.692204    2.272410      1.000 
   2.726069    2.300620      1.000 
   2.759933    2.330320      1.000 
   2.793797    2.360950      1.000 
   2.827661    2.393160      1.000 
   2.861525    2.429090      1.000 
   2.895390    2.472560      1.000 
   2.929254    2.527690      1.000 
   2.963118    2.596720      1.000 
   2.996982    2.678270      1.000 
   3.030847    2.767910      1.000 
   3.064711    2.772230      1.000 
   3.098575    2.759500      1.000 
   3.132439    2.744060      1.000 
   3.166303    2.727670      1.000 
   3.200168    2.712070      1.000 
   3.234032    2.698980      1.000 
   3.267896    2.690020      1.000 
   3.301760    2.686710      1.000 
   3.301760    2.686710      1.000 
   3.318692    2.687610      1.000 
   3.335624    2.690450      1.000 
   3.352556    2.695370      1.000 
   3.369489    2.702490      1.000 
   3.386421    2.711950      1.000 
   3.403353    2.723870      1.000 
   3.420285    2.738350      1.000 
   3.437217    2.755470      1.000 
   3.454149    2.775280      1.000 
   3.471081    2.797880      1.000 
   3.488013    2.823270      1.000 
   3.504945    2.851460      1.000 
   3.521878    2.882460      1.000 
   3.538810    2.916230      1.000 
   3.555742    2.933770      1.000 
   3.572674    2.903320      1.000 
   3.589606    2.872970      1.000 
   3.606538    2.842940      1.000 
   3.623470    2.813450      1.000 
   3.640402    2.784710      1.000 
   3.657334    2.756920      1.000 
   3.674266    2.730290      1.000 
   3.691199    2.705000      1.000 
   3.708131    2.681240      1.000 
   3.725063    2.659130      1.000 
   3.741995    2.638830      1.000 
   3.758927    2.620400      1.000 
   3.775859    2.603890      1.000 
   3.792791    2.589320      1.000 
   3.809723    2.576640      1.000 
   3.826655    2.565780      1.000 
   3.843587    2.556620      1.000 
   3.860520    2.549050      1.000 
   3.877452    2.542920      1.000 
   3.894384    2.538100      1.000 
   3.911316    2.534500      1.000 
   3.928248    2.532000      1.000 
   3.945180    2.530520      1.000 
   3.962112    2.530040      1.000 
 
 
#k-dist(A^-1)  energy(eV)   weight,      12 -th eigen
   0.000000    3.640920      1.000 
   0.016932    3.642490      1.000 
   0.033864    3.647180      1.000 
   0.050796    3.654910      1.000 
   0.067728    3.665510      1.000 
   0.084661    3.678680      1.000 
   0.101593    3.693700      1.000 
   0.118525    3.708270      1.000 
   0.135457    3.712570      1.000 
   0.152389    3.687910      1.000 
   0.169321    3.644680      1.000 
   0.186253    3.595230      1.000 
   0.203185    3.543020      1.000 
   0.220117    3.489390      1.000 
   0.237049    3.435140      1.000 
   0.253982    3.380860      1.000 
   0.270914    3.327040      1.000 
   0.287846    3.274110      1.000 
   0.304778    3.222400      1.000 
   0.321710    3.172240      1.000 
   0.338642    3.123890      1.000 
   0.355574    3.077580      1.000 
   0.372506    3.033520      1.000 
   0.389438    2.991840      1.000 
   0.406370    2.952720      1.000 
   0.423303    2.964130      1.000 
   0.440235    2.994120      1.000 
   0.457167    3.023530      1.000 
   0.474099    3.052130      1.000 
   0.491031    3.079660      1.000 
   0.507963    3.105840      1.000 
   0.524895    3.130450      1.000 
   0.541827    3.153180      1.000 
   0.558759    3.173770      1.000 
   0.575692    3.191940      1.000 
   0.592624    3.207400      1.000 
   0.609556    3.219850      1.000 
   0.626488    3.229050      1.000 
   0.643420    3.234730      1.000 
   0.660352    3.236670      1.000 
   0.660352    3.236670      1.000 
   0.694216    3.228590      1.000 
   0.728080    3.203760      1.000 
   0.761945    3.162050      1.000 
   0.795809    3.104380      1.000 
   0.829673    3.032730      1.000 
   0.863537    2.950080      1.000 
   0.897401    2.860260      1.000 
   0.931266    2.780600      1.000 
   0.965130    2.783170      1.000 
   0.998994    2.778800      1.000 
   1.032858    2.766840      1.000 
   1.066723    2.747110      1.000 
   1.100587    2.719930      1.000 
   1.134451    2.686180      1.000 
   1.168315    2.647020      1.000 
   1.202179    2.603870      1.000 
   1.236044    2.558220      1.000 
   1.269908    2.511640      1.000 
   1.303772    2.465570      1.000 
   1.337636    2.421450      1.000 
   1.371500    2.380550      1.000 
   1.405365    2.344060      1.000 
   1.439229    2.313100      1.000 
   1.473093    2.288650      1.000 
   1.506957    2.271550      1.000 
   1.540821    2.276640      1.000 
   1.574686    2.318010      1.000 
   1.608550    2.365080      1.000 
   1.642414    2.415380      1.000 
   1.676278    2.466590      1.000 
   1.710142    2.516710      1.000 
   1.744007    2.564010      1.000 
   1.777871    2.607170      1.000 
   1.811735    2.645150      1.000 
   1.845599    2.677110      1.000 
   1.879463    2.643460      1.000 
   1.913328    2.693480      1.000 
   1.947192    2.725050      1.000 
   1.981056    2.735820      1.000 
   1.981056    2.735820      1.000 
   2.014920    2.725030      1.000 
   2.048785    2.693480      1.000 
   2.082649    2.643460      1.000 
   2.116513    2.677110      1.000 
   2.150377    2.645150      1.000 
   2.184241    2.607170      1.000 
   2.218106    2.564010      1.000 
   2.251970    2.516710      1.000 
   2.285834    2.466590      1.000 
   2.319698    2.415380      1.000 
   2.353562    2.365080      1.000 
   2.387427    2.318010      1.000 
   2.421291    2.276640      1.000 
   2.455155    2.271550      1.000 
   2.489019    2.288650      1.000 
   2.522883    2.313100      1.000 
   2.556748    2.344060      1.000 
   2.590612    2.380550      1.000 
   2.624476    2.421450      1.000 
   2.658340    2.465570      1.000 
   2.692204    2.511640      1.000 
   2.726069    2.558220      1.000 
   2.759933    2.603870      1.000 
   2.793797    2.647020      1.000 
   2.827661    2.686180      1.000 
   2.861525    2.719930      1.000 
   2.895390    2.747110      1.000 
   2.929254    2.766840      1.000 
   2.963118    2.778800      1.000 
   2.996982    2.783170      1.000 
   3.030847    2.780600      1.000 
   3.064711    2.860260      1.000 
   3.098575    2.950080      1.000 
   3.132439    3.032730      1.000 
   3.166303    3.104380      1.000 
   3.200168    3.162050      1.000 
   3.234032    3.203760      1.000 
   3.267896    3.228590      1.000 
   3.301760    3.236670      1.000 
   3.301760    3.236670      1.000 
   3.318692    3.234730      1.000 
   3.335624    3.229050      1.000 
   3.352556    3.219850      1.000 
   3.369489    3.207400      1.000 
   3.386421    3.191940      1.000 
   3.403353    3.173770      1.000 
   3.420285    3.153180      1.000 
   3.437217    3.130450      1.000 
   3.454149    3.105840      1.000 
   3.471081    3.079660      1.000 
   3.488013    3.052130      1.000 
   3.504945    3.023530      1.000 
   3.521878    2.994120      1.000 
   3.538810    2.964130      1.000 
   3.555742    2.952720      1.000 
   3.572674    2.991840      1.000 
   3.589606    3.033520      1.000 
   3.606538    3.077580      1.000 
   3.623470    3.123890      1.000 
   3.640402    3.172240      1.000 
   3.657334    3.222400      1.000 
   3.674266    3.274110      1.000 
   3.691199    3.327040      1.000 
   3.708131    3.380860      1.000 
   3.725063    3.435140      1.000 
   3.741995    3.489390      1.000 
   3.758927    3.543020      1.000 
   3.775859    3.595230      1.000 
   3.792791    3.644680      1.000 
   3.809723    3.687910      1.000 
   3.826655    3.712570      1.000 
   3.843587    3.708270      1.000 
   3.860520    3.693700      1.000 
   3.877452    3.678680      1.000 
   3.894384    3.665510      1.000 
   3.911316    3.654910      1.000 
   3.928248    3.647180      1.000 
   3.945180    3.642490      1.000 
   3.962112    3.640920      1.000 
 
 
#k-dist(A^-1)  energy(eV)   weight,      13 -th eigen
   0.000000    3.961070      1.000 
   0.016932    3.957530      1.000 
   0.033864    3.946990      1.000 
   0.050796    3.929730      1.000 
   0.067728    3.906270      1.000 
   0.084661    3.877350      1.000 
   0.101593    3.844220      1.000 
   0.118525    3.809670      1.000 
   0.135457    3.784090      1.000 
   0.152389    3.786700      1.000 
   0.169321    3.807620      1.000 
   0.186253    3.834940      1.000 
   0.203185    3.865600      1.000 
   0.220117    3.898590      1.000 
   0.237049    3.933400      1.000 
   0.253982    3.969660      1.000 
   0.270914    4.007050      1.000 
   0.287846    4.045280      1.000 
   0.304778    4.084060      1.000 
   0.321710    4.123120      1.000 
   0.338642    4.162180      1.000 
   0.355574    4.200960      1.000 
   0.372506    4.239190      1.000 
   0.389438    4.276620      1.000 
   0.406370    4.313010      1.000 
   0.423303    4.348090      1.000 
   0.440235    4.381640      1.000 
   0.457167    4.413460      1.000 
   0.474099    4.443330      1.000 
   0.491031    4.471070      1.000 
   0.507963    4.496520      1.000 
   0.524895    4.519550      1.000 
   0.541827    4.540020      1.000 
   0.558759    4.557850      1.000 
   0.575692    4.572970      1.000 
   0.592624    4.585330      1.000 
   0.609556    4.594900      1.000 
   0.626488    4.601690      1.000 
   0.643420    4.605720      1.000 
   0.660352    4.607050      1.000 
   0.660352    4.607050      1.000 
   0.694216    4.601920      1.000 
   0.728080    4.587110      1.000 
   0.761945    4.563790      1.000 
   0.795809    4.533290      1.000 
   0.829673    4.497150      1.000 
   0.863537    4.456980      1.000 
   0.897401    4.414380      1.000 
   0.931266    4.370840      1.000 
   0.965130    4.327550      1.000 
   0.998994    4.285420      1.000 
   1.032858    4.244840      1.000 
   1.066723    4.205700      1.000 
   1.100587    4.167340      1.000 
   1.134451    4.128800      1.000 
   1.168315    4.088810      1.000 
   1.202179    4.046070      1.000 
   1.236044    3.999380      1.000 
   1.269908    3.947790      1.000 
   1.303772    3.890660      1.000 
   1.337636    3.827690      1.000 
   1.371500    3.758910      1.000 
   1.405365    3.684660      1.000 
   1.439229    3.605550      1.000 
   1.473093    3.522420      1.000 
   1.506957    3.436260      1.000 
   1.540821    3.348170      1.000 
   1.574686    3.259410      1.000 
   1.608550    3.171270      1.000 
   1.642414    3.085070      1.000 
   1.676278    3.002150      1.000 
   1.710142    2.923810      1.000 
   1.744007    2.851330      1.000 
   1.777871    2.785880      1.000 
   1.811735    2.728550      1.000 
   1.845599    2.680280      1.000 
   1.879463    2.702510      1.000 
   1.913328    2.720930      1.000 
   1.947192    2.732090      1.000 
   1.981056    2.735820      1.000 
   1.981056    2.735820      1.000 
   2.014920    2.732080      1.000 
   2.048785    2.720930      1.000 
   2.082649    2.702510      1.000 
   2.116513    2.680280      1.000 
   2.150377    2.728550      1.000 
   2.184241    2.785880      1.000 
   2.218106    2.851330      1.000 
   2.251970    2.923820      1.000 
   2.285834    3.002150      1.000 
   2.319698    3.085070      1.000 
   2.353562    3.171280      1.000 
   2.387427    3.259420      1.000 
   2.421291    3.348170      1.000 
   2.455155    3.436260      1.000 
   2.489019    3.522420      1.000 
   2.522883    3.605550      1.000 
   2.556748    3.684660      1.000 
   2.590612    3.758910      1.000 
   2.624476    3.827690      1.000 
   2.658340    3.890660      1.000 
   2.692204    3.947790      1.000 
   2.726069    3.999380      1.000 
   2.759933    4.046070      1.000 
   2.793797    4.088810      1.000 
   2.827661    4.128800      1.000 
   2.861525    4.167340      1.000 
   2.895390    4.205700      1.000 
   2.929254    4.244840      1.000 
   2.963118    4.285420      1.000 
   2.996982    4.327560      1.000 
   3.030847    4.370840      1.000 
   3.064711    4.414380      1.000 
   3.098575    4.456980      1.000 
   3.132439    4.497150      1.000 
   3.166303    4.533290      1.000 
   3.200168    4.563790      1.000 
   3.234032    4.587110      1.000 
   3.267896    4.601920      1.000 
   3.301760    4.607050      1.000 
   3.301760    4.607050      1.000 
   3.318692    4.605720      1.000 
   3.335624    4.601690      1.000 
   3.352556    4.594910      1.000 
   3.369489    4.585330      1.000 
   3.386421    4.572970      1.000 
   3.403353    4.557850      1.000 
   3.420285    4.540020      1.000 
   3.437217    4.519550      1.000 
   3.454149    4.496520      1.000 
   3.471081    4.471070      1.000 
   3.488013    4.443330      1.000 
   3.504945    4.413460      1.000 
   3.521878    4.381640      1.000 
   3.538810    4.348090      1.000 
   3.555742    4.313010      1.000 
   3.572674    4.276620      1.000 
   3.589606    4.239190      1.000 
   3.606538    4.200960      1.000 
   3.623470    4.162180      1.000 
   3.640402    4.123120      1.000 
   3.657334    4.084060      1.000 
   3.674266    4.045280      1.000 
   3.691199    4.007050      1.000 
   3.708131    3.969660      1.000 
   3.725063    3.933400      1.000 
   3.741995    3.898590      1.000 
   3.758927    3.865600      1.000 
   3.775859    3.834940      1.000 
   3.792791    3.807620      1.000 
   3.809723    3.786700      1.000 
   3.826655    3.784090      1.000 
   3.843587    3.809670      1.000 
   3.860520    3.844220      1.000 
   3.877452    3.877350      1.000 
   3.894384    3.906270      1.000 
   3.911316    3.929730      1.000 
   3.928248    3.946990      1.000 
   3.945180    3.957530      1.000 
   3.962112    3.961070      1.000 
 
 
