#        k-dist (A^-1)        Berrycurvature (A^-1): sum over [17:18]-th eigen states   
#                                        Omega(x)     Omega(y)     Omega(z)
     0.000000                             -0.0000       0.0000       0.0001
     0.016932                              0.0000       0.0000      -1.0227
     0.033864                             -0.0000       0.0000      -1.9845
     0.050796                             -0.0000      -0.0000      -2.8374
     0.067728                              0.0000       0.0000      -3.5536
     0.084661                              0.0000       0.0000      -4.1269
     0.101593                              0.0000       0.0000      -4.5679
     0.118525                              0.0000       0.0000      -4.8973
     0.135457                             -0.0000      -0.0000      -5.1394
     0.152389                             -0.0000      -0.0000      -5.3178
     0.169321                              0.0000       0.0000      -5.4529
     0.186253                              0.0000       0.0000      -5.5613
     0.203185                              0.0000       0.0000      -5.6555
     0.220117                             -0.0000      -0.0000      -5.7449
     0.237049                              0.0000       0.0000      -5.8364
     0.253982                              0.0000       0.0000      -5.9353
     0.270914                             -0.0000      -0.0000      -6.0454
     0.287846                             -0.0000      -0.0000      -6.1699
     0.304778                             -0.0000       0.0000      -6.3119
     0.321710                              0.0000       0.0000      -6.4741
     0.338642                              0.0000       0.0000      -6.6592
     0.355574                             -0.0000      -0.0000      -6.8705
     0.372506                              0.0000       0.0000      -7.1109
     0.389438                              0.0000      -0.0000      -7.3836
     0.406370                              0.0000       0.0000      -7.6919
     0.423303                              0.0000       0.0000      -8.0385
     0.440235                             -0.0000       0.0000      -8.4256
     0.457167                             -0.0000       0.0000      -8.8545
     0.474099                              0.0000       0.0000      -9.3247
     0.491031                              0.0000      -0.0000      -9.8338
     0.507963                              0.0000       0.0000     -10.3762
     0.524895                             -0.0000      -0.0000     -10.9432
     0.541827                             -0.0000      -0.0000     -11.5222
     0.558759                             -0.0000      -0.0000     -12.0962
     0.575692                             -0.0000       0.0000     -12.6446
     0.592624                              0.0000       0.0000     -13.1438
     0.609556                              0.0000       0.0000     -13.5688
     0.626488                              0.0000      -0.0000     -13.8951
     0.643420                              0.0000      -0.0000     -14.1017
     0.660352                             -0.0000      -0.0000     -14.1728
     0.660352                             -0.0000      -0.0000     -14.1728
     0.694216                             -0.0000       0.0000     -13.8847
     0.728080                             -0.0000       0.0000     -13.0646
     0.761945                             -0.0000       0.0000     -11.8519
     0.795809                              0.0000       0.0000     -10.4267
     0.829673                              0.0000      -0.0000      -8.9470
     0.863537                              0.0000      -0.0000      -7.5143
     0.897401                              0.0000       0.0000      -6.1653
     0.931266                              0.0000      -0.0000      -4.8746
     0.965130                              0.0000       0.0000      -3.5490
     0.998994                              0.0000      -0.0000      -1.9989
     1.032858                              0.0000      -0.0000       0.1247
     1.066723                             -0.0000       0.0000       3.4044
     1.100587                              0.0000      -0.0000       8.5096
     1.134451                             -0.0000       0.0000      15.0537
     1.168315                              0.0000      -0.0000      19.5366
     1.202179                              0.0000      -0.0000      17.7920
     1.236044                             -0.0000       0.0000      11.2959
     1.269908                             -0.0000       0.0000       4.2385
     1.303772                             -0.0000       0.0000      -1.4189
     1.337636                             -0.0000      -0.0000      -5.4435
     1.371500                             -0.0000      -0.0000      -7.9408
     1.405365                             -0.0000       0.0000      -8.9564
     1.439229                             -0.0000       0.0000      -8.6169
     1.473093                              0.0000      -0.0000      -7.3050
     1.506957                             -0.0000       0.0000      -5.5855
     1.540821                             -0.0000      -0.0000      -3.9499
     1.574686                             -0.0000      -0.0000      -2.6509
     1.608550                             -0.0000      -0.0000      -1.7263
     1.642414                             -0.0000       0.0000      -1.1077
     1.676278                              0.0000      -0.0000      -0.7049
     1.710142                             -0.0000      -0.0000      -0.4435
     1.744007                             -0.0000       0.0000      -0.2727
     1.777871                             -0.0000      -0.0000      -0.1608
     1.811735                             -0.0000      -0.0000      -0.0883
     1.845599                             -0.0000      -0.0000      -0.0434
     1.879463                             -0.0000       0.0000      -0.0177
     1.913328                              0.0000       0.0000      -0.0051
     1.947192                             -0.0000       0.0000      -0.0006
     1.981056                              0.0000      -0.0000       0.0000
     1.981056                              0.0000      -0.0000       0.0000
     2.014920                              0.0000      -0.0000       0.0006
     2.048785                              0.0000       0.0000       0.0051
     2.082649                             -0.0000      -0.0000       0.0177
     2.116513                             -0.0000       0.0000       0.0434
     2.150377                             -0.0000      -0.0000       0.0883
     2.184241                             -0.0000      -0.0000       0.1608
     2.218106                              0.0000      -0.0000       0.2727
     2.251970                              0.0000      -0.0000       0.4435
     2.285834                              0.0000       0.0000       0.7049
     2.319698                             -0.0000       0.0000       1.1077
     2.353562                              0.0000       0.0000       1.7263
     2.387427                             -0.0000      -0.0000       2.6509
     2.421291                              0.0000      -0.0000       3.9499
     2.455155                              0.0000       0.0000       5.5855
     2.489019                              0.0000      -0.0000       7.3050
     2.522883                              0.0000       0.0000       8.6169
     2.556748                             -0.0000      -0.0000       8.9564
     2.590612                             -0.0000      -0.0000       7.9408
     2.624476                              0.0000      -0.0000       5.4435
     2.658340                              0.0000       0.0000       1.4189
     2.692204                             -0.0000      -0.0000      -4.2385
     2.726069                              0.0000      -0.0000     -11.2959
     2.759933                             -0.0000       0.0000     -17.7920
     2.793797                             -0.0000       0.0000     -19.5366
     2.827661                             -0.0000      -0.0000     -15.0537
     2.861525                             -0.0000       0.0000      -8.5096
     2.895390                              0.0000       0.0000      -3.4044
     2.929254                              0.0000       0.0000      -0.1247
     2.963118                             -0.0000      -0.0000       1.9989
     2.996982                              0.0000       0.0000       3.5490
     3.030847                              0.0000      -0.0000       4.8746
     3.064711                              0.0000       0.0000       6.1653
     3.098575                              0.0000       0.0000       7.5143
     3.132439                             -0.0000      -0.0000       8.9470
     3.166303                             -0.0000      -0.0000      10.4267
     3.200168                              0.0000       0.0000      11.8519
     3.234032                              0.0000       0.0000      13.0646
     3.267896                              0.0000       0.0000      13.8847
     3.301760                              0.0000      -0.0000      14.1728
     3.301760                              0.0000      -0.0000      14.1728
     3.318692                             -0.0000      -0.0000      14.1017
     3.335624                             -0.0000      -0.0000      13.8951
     3.352556                              0.0000       0.0000      13.5688
     3.369489                              0.0000      -0.0000      13.1438
     3.386421                              0.0000      -0.0000      12.6446
     3.403353                             -0.0000      -0.0000      12.0962
     3.420285                              0.0000       0.0000      11.5222
     3.437217                              0.0000       0.0000      10.9432
     3.454149                              0.0000       0.0000      10.3762
     3.471081                             -0.0000      -0.0000       9.8338
     3.488013                              0.0000      -0.0000       9.3247
     3.504945                              0.0000      -0.0000       8.8545
     3.521878                             -0.0000       0.0000       8.4256
     3.538810                              0.0000       0.0000       8.0385
     3.555742                             -0.0000      -0.0000       7.6919
     3.572674                              0.0000      -0.0000       7.3836
     3.589606                             -0.0000      -0.0000       7.1109
     3.606538                              0.0000      -0.0000       6.8705
     3.623470                             -0.0000      -0.0000       6.6592
     3.640402                             -0.0000      -0.0000       6.4741
     3.657334                             -0.0000      -0.0000       6.3119
     3.674266                              0.0000       0.0000       6.1699
     3.691199                             -0.0000       0.0000       6.0454
     3.708131                              0.0000       0.0000       5.9353
     3.725063                             -0.0000       0.0000       5.8364
     3.741995                             -0.0000      -0.0000       5.7449
     3.758927                             -0.0000      -0.0000       5.6555
     3.775859                              0.0000       0.0000       5.5613
     3.792791                             -0.0000      -0.0000       5.4529
     3.809723                              0.0000       0.0000       5.3178
     3.826655                             -0.0000      -0.0000       5.1394
     3.843587                              0.0000       0.0000       4.8973
     3.860520                             -0.0000      -0.0000       4.5679
     3.877452                              0.0000       0.0000       4.1269
     3.894384                              0.0000       0.0000       3.5536
     3.911316                             -0.0000      -0.0000       2.8374
     3.928248                              0.0000       0.0000       1.9845
     3.945180                              0.0000       0.0000       1.0227
     3.962112                             -0.0000       0.0000       0.0001
 
 
