# NDIV =     2000 dE=      0.01500750
#    energy (ev)           dos 
    -20.00000000       0.00000000
    -19.98499250       0.00000000
    -19.96998499       0.00000000
    -19.95497749       0.00000000
    -19.93996998       0.00000000
    -19.92496248       0.00000000
    -19.90995498       0.00000000
    -19.89494747       0.00000000
    -19.87993997       0.00000000
    -19.86493247       0.00000000
    -19.84992496       0.00000000
    -19.83491746       0.00000000
    -19.81990995       0.00000001
    -19.80490245       0.00000002
    -19.78989495       0.00000005
    -19.77488744       0.00000014
    -19.75987994       0.00000035
    -19.74487244       0.00000087
    -19.72986493       0.00000207
    -19.71485743       0.00000479
    -19.69984992       0.00001068
    -19.68484242       0.00002303
    -19.66983492       0.00004804
    -19.65482741       0.00009694
    -19.63981991       0.00018924
    -19.62481241       0.00035748
    -19.60980490       0.00065354
    -19.59479740       0.00115659
    -19.57978989       0.00198190
    -19.56478239       0.00328924
    -19.54977489       0.00528879
    -19.53476738       0.00824171
    -19.51975988       0.01245235
    -19.50475238       0.01824962
    -19.48974487       0.02595660
    -19.47473737       0.03584973
    -19.45972986       0.04811223
    -19.44472236       0.06278893
    -19.42971486       0.07975156
    -19.41470735       0.09868315
    -19.39969985       0.11908787
    -19.38469235       0.14032761
    -19.36968484       0.16168166
    -19.35467734       0.18242001
    -19.33966983       0.20187828
    -19.32466233       0.21952138
    -19.30965483       0.23498601
    -19.29464732       0.24809675
    -19.27963982       0.25885599
    -19.26463232       0.26741319
    -19.24962481       0.27402153
    -19.23461731       0.27899126
    -19.21960980       0.28264736
    -19.20460230       0.28529677
    -19.18959480       0.28720723
    -19.17458729       0.28859726
    -19.15957979       0.28963505
    -19.14457229       0.29044330
    -19.12956478       0.29110720
    -19.11455728       0.29168315
    -19.09954977       0.29220681
    -19.08454227       0.29269980
    -19.06953477       0.29317464
    -19.05452726       0.29363831
    -19.03951976       0.29409452
    -19.02451226       0.29454517
    -19.00950475       0.29499119
    -18.99449725       0.29543301
    -18.97948974       0.29587082
    -18.96448224       0.29630469
    -18.94947474       0.29673465
    -18.93446723       0.29716071
    -18.91945973       0.29758284
    -18.90445223       0.29800105
    -18.88944472       0.29841533
    -18.87443722       0.29882566
    -18.85942971       0.29923203
    -18.84442221       0.29963445
    -18.82941471       0.30003289
    -18.81440720       0.30042736
    -18.79939970       0.30081785
    -18.78439220       0.30120436
    -18.76938469       0.30158688
    -18.75437719       0.30196540
    -18.73936968       0.30233994
    -18.72436218       0.30271048
    -18.70935468       0.30307703
    -18.69434717       0.30343959
    -18.67933967       0.30379816
    -18.66433217       0.30415274
    -18.64932466       0.30450334
    -18.63431716       0.30484996
    -18.61930965       0.30519261
    -18.60430215       0.30553129
    -18.58929465       0.30586601
    -18.57428714       0.30619677
    -18.55927964       0.30652359
    -18.54427214       0.30684647
    -18.52926463       0.30716543
    -18.51425713       0.30748046
    -18.49924962       0.30779160
    -18.48424212       0.30809884
    -18.46923462       0.30840221
    -18.45422711       0.30870170
    -18.43921961       0.30899735
    -18.42421211       0.30928915
    -18.40920460       0.30957714
    -18.39419710       0.30986132
    -18.37918959       0.31014171
    -18.36418209       0.31041833
    -18.34917459       0.31069119
    -18.33416708       0.31096031
    -18.31915958       0.31122572
    -18.30415208       0.31148744
    -18.28914457       0.31174548
    -18.27413707       0.31199987
    -18.25912956       0.31225061
    -18.24412206       0.31249773
    -18.22911456       0.31274126
    -18.21410705       0.31298125
    -18.19909955       0.31321769
    -18.18409205       0.31345062
    -18.16908454       0.31368002
    -18.15407704       0.31390593
    -18.13906953       0.31412839
    -18.12406203       0.31434746
    -18.10905453       0.31456317
    -18.09404702       0.31477552
    -18.07903952       0.31498448
    -18.06403202       0.31519006
    -18.04902451       0.31539232
    -18.03401701       0.31559138
    -18.01900950       0.31578729
    -18.00400200       0.31598005
    -17.98899450       0.31616958
    -17.97398699       0.31635583
    -17.95897949       0.31653886
    -17.94397199       0.31671882
    -17.92896448       0.31689587
    -17.91395698       0.31707007
    -17.89894947       0.31724131
    -17.88394197       0.31740940
    -17.86893447       0.31757428
    -17.85392696       0.31773609
    -17.83891946       0.31789516
    -17.82391196       0.31805173
    -17.80890445       0.31820578
    -17.79389695       0.31835704
    -17.77888944       0.31850516
    -17.76388194       0.31865005
    -17.74887444       0.31879202
    -17.73386693       0.31893162
    -17.71885943       0.31906925
    -17.70385193       0.31920484
    -17.68884442       0.31933782
    -17.67383692       0.31946758
    -17.65882941       0.31959393
    -17.64382191       0.31971736
    -17.62881441       0.31983880
    -17.61380690       0.31995897
    -17.59879940       0.32007781
    -17.58379190       0.32019444
    -17.56878439       0.32030775
    -17.55377689       0.32041719
    -17.53876938       0.32052335
    -17.52376188       0.32062766
    -17.50875438       0.32073147
    -17.49374687       0.32083511
    -17.47873937       0.32093747
    -17.46373187       0.32103669
    -17.44872436       0.32113142
    -17.43371686       0.32122185
    -17.41870935       0.32130979
    -17.40370185       0.32139766
    -17.38869435       0.32148685
    -17.37368684       0.32157667
    -17.35867934       0.32166462
    -17.34367184       0.32174786
    -17.32866433       0.32182519
    -17.31365683       0.32189800
    -17.29864932       0.32196971
    -17.28364182       0.32204369
    -17.26863432       0.32212107
    -17.25362681       0.32219979
    -17.23861931       0.32227561
    -17.22361181       0.32234464
    -17.20860430       0.32240593
    -17.19359680       0.32246237
    -17.17858929       0.32251926
    -17.16358179       0.32258121
    -17.14857429       0.32264926
    -17.13356678       0.32271984
    -17.11855928       0.32278662
    -17.10355178       0.32284413
    -17.08854427       0.32289121
    -17.07353677       0.32293210
    -17.05852926       0.32297439
    -17.04352176       0.32302480
    -17.02851426       0.32308512
    -17.01350675       0.32315076
    -16.99849925       0.32321291
    -16.98349175       0.32326336
    -16.96848424       0.32329933
    -16.95347674       0.32332551
    -16.93846923       0.32335201
    -16.92346173       0.32338900
    -16.90845423       0.32344104
    -16.89344672       0.32350405
    -16.87843922       0.32356700
    -16.86343172       0.32361751
    -16.84842421       0.32364860
    -16.83341671       0.32366296
    -16.81840920       0.32367216
    -16.80340170       0.32369101
    -16.78839420       0.32372984
    -16.77338669       0.32378865
    -16.75837919       0.32385641
    -16.74337169       0.32391622
    -16.72836418       0.32395382
    -16.71335668       0.32396525
    -16.69834917       0.32395962
    -16.68334167       0.32395519
    -16.66833417       0.32397059
    -16.65332666       0.32401529
    -16.63831916       0.32408421
    -16.62331166       0.32415948
    -16.60830415       0.32421863
    -16.59329665       0.32424566
    -16.57828914       0.32423939
    -16.56328164       0.32421487
    -16.54827414       0.32419697
    -16.53326663       0.32420866
    -16.51825913       0.32425978
    -16.50325163       0.32434149
    -16.48824412       0.32442962
    -16.47323662       0.32449539
    -16.45822911       0.32451900
    -16.44322161       0.32449950
    -16.42821411       0.32445621
    -16.41320660       0.32442069
    -16.39819910       0.32442260
    -16.38319160       0.32447579
    -16.36818409       0.32457113
    -16.35317659       0.32467962
    -16.33816908       0.32476474
    -16.32316158       0.32479881
    -16.30815408       0.32477593
    -16.29314657       0.32471571
    -16.27813907       0.32465563
    -16.26313157       0.32463505
    -16.24812406       0.32467782
    -16.23311656       0.32478103
    -16.21810905       0.32491515
    -16.20310155       0.32503583
    -16.18809405       0.32510266
    -16.17308654       0.32509695
    -16.15807904       0.32503069
    -16.14307154       0.32494265
    -16.12806403       0.32488292
    -16.11305653       0.32489196
    -16.09804902       0.32498309
    -16.08304152       0.32513579
    -16.06803402       0.32530305
    -16.05302651       0.32543004
    -16.03801901       0.32547668
    -16.02301151       0.32543483
    -16.00800400       0.32533288
    -15.99299650       0.32522536
    -15.97798899       0.32517167
    -15.96298149       0.32521197
    -15.94797399       0.32535031
    -15.93296648       0.32555168
    -15.91795898       0.32575479
    -15.90295148       0.32589571
    -15.88794397       0.32593329
    -15.87293647       0.32586628
    -15.85792896       0.32573509
    -15.84292146       0.32560735
    -15.82791396       0.32555225
    -15.81290645       0.32561363
    -15.79789895       0.32579219
    -15.78289145       0.32604385
    -15.76788394       0.32629541
    -15.75287644       0.32647169
    -15.73786893       0.32652430
    -15.72286143       0.32645080
    -15.70785393       0.32629705
    -15.69284642       0.32614128
    -15.67783892       0.32606566
    -15.66283142       0.32612567
    -15.64782391       0.32632871
    -15.63281641       0.32663001
    -15.61780890       0.32694779
    -15.60280140       0.32719238
    -15.58779390       0.32729893
    -15.57278639       0.32725178
    -15.55777889       0.32709152
    -15.54277139       0.32690174
    -15.52776388       0.32677998
    -15.51275638       0.32680299
    -15.49774887       0.32699872
    -15.48274137       0.32733511
    -15.46773387       0.32773012
    -15.45272636       0.32807959
    -15.43771886       0.32829349
    -15.42271136       0.32832802
    -15.40770385       0.32820201
    -15.39269635       0.32799185
    -15.37768884       0.32780629
    -15.36268134       0.32774952
    -15.34767384       0.32788512
    -15.33266633       0.32821329
    -15.31765883       0.32866938
    -15.30265133       0.32914464
    -15.28764382       0.32952229
    -15.27263632       0.32971713
    -15.25762881       0.32970499
    -15.24262131       0.32953224
    -15.22761381       0.32930168
    -15.21260630       0.32913929
    -15.19759880       0.32915279
    -15.18259130       0.32939550
    -15.16758379       0.32984769
    -15.15257629       0.33042171
    -15.13756878       0.33098954
    -15.12256128       0.33142407
    -15.10755378       0.33164073
    -15.09254627       0.33162593
    -15.07753877       0.33144293
    -15.06253127       0.33121279
    -15.04752376       0.33107644
    -15.03251626       0.33114973
    -15.01750875       0.33148586
    -15.00250125       0.33205744
    -14.98749375       0.33276390
    -14.97248624       0.33346233
    -14.95747874       0.33401211
    -14.94247124       0.33431942
    -14.92746373       0.33436765
    -14.91245623       0.33422404
    -14.89744872       0.33402016
    -14.88244122       0.33391202
    -14.86743372       0.33403211
    -14.85242621       0.33444798
    -14.83741871       0.33514051
    -14.82241121       0.33600856
    -14.80740370       0.33689908
    -14.79239620       0.33765350
    -14.77738869       0.33815636
    -14.76238119       0.33837139
    -14.74737369       0.33835387
    -14.73236618       0.33823547
    -14.71735868       0.33818572
    -14.70235118       0.33836178
    -14.68734367       0.33886129
    -14.67233617       0.33969253
    -14.65732866       0.34077107
    -14.64232116       0.34194404
    -14.62731366       0.34303517
    -14.61230615       0.34389735
    -14.59729865       0.34445714
    -14.58229115       0.34473805
    -14.56728364       0.34485541
    -14.55227614       0.34498431
    -14.53726863       0.34530960
    -14.52226113       0.34597277
    -14.50725363       0.34703092
    -14.49224612       0.34844016
    -14.47723862       0.35006817
    -14.46223112       0.35173274
    -14.44722361       0.35325534
    -14.43221611       0.35451433
    -14.41720860       0.35548254
    -14.40220110       0.35623839
    -14.38719360       0.35694711
    -14.37218609       0.35781731
    -14.35717859       0.35904539
    -14.34217109       0.36076359
    -14.32716358       0.36300675
    -14.31215608       0.36570771
    -14.29714857       0.36872296
    -14.28214107       0.37188179
    -14.26713357       0.37504543
    -14.25212606       0.37815933
    -14.23711856       0.38128349
    -14.22211106       0.38459114
    -14.20710355       0.38833422
    -14.19209605       0.39278270
    -14.17708854       0.39815170
    -14.16208104       0.40453322
    -14.14707354       0.41184856
    -14.13206603       0.41983251
    -14.11705853       0.42805307
    -14.10205103       0.43596249
    -14.08704352       0.44296878
    -14.07203602       0.44851309
    -14.05702851       0.45213757
    -14.04202101       0.45353192
    -14.02701351       0.45255176
    -14.01200600       0.44920910
    -13.99699850       0.44364130
    -13.98199100       0.43606905
    -13.96698349       0.42675560
    -13.95197599       0.41597726
    -13.93696848       0.40401057
    -13.92196098       0.39113534
    -13.90695348       0.37764719
    -13.89194597       0.36386953
    -13.87693847       0.35015489
    -13.86193097       0.33686899
    -13.84692346       0.32435709
    -13.83191596       0.31289880
    -13.81690845       0.30266316
    -13.80190095       0.29367728
    -13.78689345       0.28582017
    -13.77188594       0.27884673
    -13.75687844       0.27243939
    -13.74187094       0.26627644
    -13.72686343       0.26010131
    -13.71185593       0.25377572
    -13.69684842       0.24730327
    -13.68184092       0.24081754
    -13.66683342       0.23453722
    -13.65182591       0.22869967
    -13.63681841       0.22348950
    -13.62181091       0.21898061
    -13.60680340       0.21510714
    -13.59179590       0.21167208
    -13.57678839       0.20839294
    -13.56178089       0.20497387
    -13.54677339       0.20118577
    -13.53176588       0.19693194
    -13.51675838       0.19227930
    -13.50175088       0.18744350
    -13.48674337       0.18272924
    -13.47173587       0.17844117
    -13.45672836       0.17479089
    -13.44172086       0.17182891
    -13.42671336       0.16942391
    -13.41170585       0.16729777
    -13.39669835       0.16510725
    -13.38169085       0.16254755
    -13.36668334       0.15944532
    -13.35167584       0.15581169
    -13.33666833       0.15183843
    -13.32166083       0.14783906
    -13.30665333       0.14415460
    -13.29164582       0.14105521
    -13.27663832       0.13867006
    -13.26163082       0.13696806
    -13.24662331       0.13579569
    -13.23161581       0.13495948
    -13.21660830       0.13432654
    -13.20160080       0.13391107
    -13.18659330       0.13391898
    -13.17158579       0.13473563
    -13.15657829       0.13685826
    -13.14157079       0.14079057
    -13.12656328       0.14692700
    -13.11155578       0.15545632
    -13.09654827       0.16630795
    -13.08154077       0.17915261
    -13.06653327       0.19345414
    -13.05152576       0.20855720
    -13.03651826       0.22378807
    -13.02151076       0.23854478
    -13.00650325       0.25235863
    -12.99149575       0.26491858
    -12.97648824       0.27606103
    -12.96148074       0.28573589
    -12.94647324       0.29396451
    -12.93146573       0.30080367
    -12.91645823       0.30632501
    -12.90145073       0.31061176
    -12.88644322       0.31376763
    -12.87143572       0.31592887
    -12.85642821       0.31727003
    -12.84142071       0.31799735
    -12.82641321       0.31832934
    -12.81140570       0.31846910
    -12.79639820       0.31857678
    -12.78139070       0.31875065
    -12.76638319       0.31902248
    -12.75137569       0.31936846
    -12.73636818       0.31973174
    -12.72136068       0.32004954
    -12.70635318       0.32027680
    -12.69134567       0.32039995
    -12.67633817       0.32043830
    -12.66133067       0.32043423
    -12.64632316       0.32043695
    -12.63131566       0.32048602
    -12.61630815       0.32060021
    -12.60130065       0.32077476
    -12.58629315       0.32098722
    -12.57128564       0.32120876
    -12.55627814       0.32141653
    -12.54127064       0.32160278
    -12.52626313       0.32177820
    -12.51125563       0.32196973
    -12.49624812       0.32221492
    -12.48124062       0.32255634
    -12.46623312       0.32303829
    -12.45122561       0.32370699
    -12.43621811       0.32461321
    -12.42121061       0.32581543
    -12.40620310       0.32738156
    -12.39119560       0.32938836
    -12.37618809       0.33191859
    -12.36118059       0.33505644
    -12.34617309       0.33888204
    -12.33116558       0.34346472
    -12.31615808       0.34885484
    -12.30115058       0.35507373
    -12.28614307       0.36210217
    -12.27113557       0.36986870
    -12.25612806       0.37824005
    -12.24112056       0.38701597
    -12.22611306       0.39593099
    -12.21110555       0.40466442
    -12.19609805       0.41285933
    -12.18109055       0.42014980
    -12.16608304       0.42619397
    -12.15107554       0.43070924
    -12.13606803       0.43350417
    -12.12106053       0.43450152
    -12.10605303       0.43374740
    -12.09104552       0.43140414
    -12.07603802       0.42772744
    -12.06103052       0.42303205
    -12.04602301       0.41765259
    -12.03101551       0.41190692
    -12.01600800       0.40606822
    -12.00100050       0.40034910
    -11.98599300       0.39489783
    -11.97098549       0.38980392
    -11.95597799       0.38510892
    -11.94097049       0.38081862
    -11.92596298       0.37691397
    -11.91095548       0.37336001
    -11.89594797       0.37011311
    -11.88094047       0.36712710
    -11.86593297       0.36435862
    -11.85092546       0.36177114
    -11.83591796       0.35933686
    -11.82091046       0.35703620
    -11.80590295       0.35485510
    -11.79089545       0.35278169
    -11.77588794       0.35080369
    -11.76088044       0.34890775
    -11.74587294       0.34708081
    -11.73086543       0.34531239
    -11.71585793       0.34359630
    -11.70085043       0.34193063
    -11.68584292       0.34031594
    -11.67083542       0.33875241
    -11.65582791       0.33723753
    -11.64082041       0.33576559
    -11.62581291       0.33432907
    -11.61080540       0.33292123
    -11.59579790       0.33153840
    -11.58079040       0.33018068
    -11.56578289       0.32885080
    -11.55077539       0.32755161
    -11.53576788       0.32628375
    -11.52076038       0.32504463
    -11.50575288       0.32382929
    -11.49074537       0.32263241
    -11.47573787       0.32145057
    -11.46073037       0.32028330
    -11.44572286       0.31913257
    -11.43071536       0.31800111
    -11.41570785       0.31689046
    -11.40070035       0.31580002
    -11.38569285       0.31472724
    -11.37068534       0.31366898
    -11.35567784       0.31262290
    -11.34067034       0.31158825
    -11.32566283       0.31056556
    -11.31065533       0.30955565
    -11.29564782       0.30855871
    -11.28064032       0.30757399
    -11.26563282       0.30660041
    -11.25062531       0.30563747
    -11.23561781       0.30468578
    -11.22061031       0.30374667
    -11.20560280       0.30282102
    -11.19059530       0.30190792
    -11.17558779       0.30100437
    -11.16058029       0.30010626
    -11.14557279       0.29921050
    -11.13056528       0.29831716
    -11.11555778       0.29743011
    -11.10055028       0.29655557
    -11.08554277       0.29569893
    -11.07053527       0.29486142
    -11.05552776       0.29403847
    -11.04052026       0.29322104
    -11.02551276       0.29239963
    -11.01050525       0.29156917
    -10.99549775       0.29073227
    -10.98049025       0.28989890
    -10.96548274       0.28908211
    -10.95047524       0.28829167
    -10.93546773       0.28752864
    -10.92046023       0.28678379
    -10.90545273       0.28604112
    -10.89044522       0.28528532
    -10.87543772       0.28450985
    -10.86043022       0.28372177
    -10.84542271       0.28294089
    -10.83041521       0.28219348
    -10.81540770       0.28150383
    -10.80040020       0.28088818
    -10.78539270       0.28035509
    -10.77038519       0.27991334
    -10.75537769       0.27958464
    -10.74037019       0.27941599
    -10.72536268       0.27948541
    -10.71035518       0.27989739
    -10.69534767       0.28076817
    -10.68034017       0.28220468
    -10.66533267       0.28428370
    -10.65032516       0.28703716
    -10.63531766       0.29044695
    -10.62031016       0.29444872
    -10.60530265       0.29894149
    -10.59029515       0.30379848
    -10.57528764       0.30887586
    -10.56028014       0.31401901
    -10.54527264       0.31906776
    -10.53026513       0.32386387
    -10.51525763       0.32826245
    -10.50025013       0.33214674
    -10.48524262       0.33544304
    -10.47023512       0.33813068
    -10.45522761       0.34024283
    -10.44022011       0.34185677
    -10.42521261       0.34307552
    -10.41020510       0.34400641
    -10.39519760       0.34474240
    -10.38019010       0.34535110
    -10.36518259       0.34587297
    -10.35017509       0.34632685
    -10.33516758       0.34671902
    -10.32016008       0.34705176
    -10.30515258       0.34732908
    -10.29014507       0.34755931
    -10.27513757       0.34775577
    -10.26013007       0.34793649
    -10.24512256       0.34812345
    -10.23011506       0.34834038
    -10.21510755       0.34860811
    -10.20010005       0.34893791
    -10.18509255       0.34932464
    -10.17008504       0.34974341
    -10.15507754       0.35015270
    -10.14007004       0.35050521
    -10.12506253       0.35076394
    -10.11005503       0.35091801
    -10.09504752       0.35099177
    -10.08004002       0.35104205
    -10.06503252       0.35114294
    -10.05002501       0.35136197
    -10.03501751       0.35173584
    -10.02001001       0.35225461
    -10.00500250       0.35286071
     -9.98999500       0.35346432
     -9.97498749       0.35397047
     -9.95997999       0.35430906
     -9.94497249       0.35445783
     -9.92996498       0.35445061
     -9.91495748       0.35436828
     -9.89994997       0.35431578
     -9.88494247       0.35439243
     -9.86993497       0.35466491
     -9.85492746       0.35515002
     -9.83991996       0.35581119
     -9.82491246       0.35656809
     -9.80990495       0.35731601
     -9.79489745       0.35794970
     -9.77988994       0.35838693
     -9.76488244       0.35858762
     -9.74987494       0.35856517
     -9.73486743       0.35838779
     -9.71985993       0.35816791
     -9.70485243       0.35804000
     -9.68984492       0.35812969
     -9.67483742       0.35852038
     -9.65982991       0.35922616
     -9.64482241       0.36017998
     -9.62981491       0.36124306
     -9.61480740       0.36223581
     -9.59979990       0.36298360
     -9.58479240       0.36336524
     -9.56978489       0.36335016
     -9.55477739       0.36301230
     -9.53976988       0.36251577
     -9.52476238       0.36207485
     -9.50975488       0.36189888
     -9.49474737       0.36213694
     -9.47973987       0.36283721
     -9.46473237       0.36393216
     -9.44972486       0.36525345
     -9.43471736       0.36657263
     -9.41970985       0.36765741
     -9.40470235       0.36832910
     -9.38969485       0.36850718
     -9.37468734       0.36823032
     -9.35967984       0.36764890
     -9.34467234       0.36699091
     -9.32966483       0.36650902
     -9.31465733       0.36642090
     -9.29964982       0.36685616
     -9.28464232       0.36782245
     -9.26963482       0.36919920
     -9.25462731       0.37076209
     -9.23961981       0.37223401
     -9.22461231       0.37335206
     -9.20960480       0.37393455
     -9.19459730       0.37393065
     -9.17958979       0.37343815
     -9.16458229       0.37268238
     -9.14957479       0.37195991
     -9.13456728       0.37156120
     -9.11955978       0.37169358
     -9.10455228       0.37242678
     -9.08954477       0.37367673
     -9.07453727       0.37523206
     -9.05952976       0.37681433
     -9.04452226       0.37815325
     -9.02951476       0.37905443
     -9.01450725       0.37944154
     -8.99949975       0.37936396
     -8.98449225       0.37897251
     -8.96948474       0.37847432
     -8.95447724       0.37808180
     -8.93946973       0.37796872
     -8.92446223       0.37824122
     -8.90945473       0.37892578
     -8.89444722       0.37997167
     -8.87943972       0.38126433
     -8.86443222       0.38264626
     -8.84942471       0.38394349
     -8.83441721       0.38499551
     -8.81940970       0.38568567
     -8.80440220       0.38596693
     -8.78939470       0.38587690
     -8.77438719       0.38553634
     -8.75937969       0.38512881
     -8.74437219       0.38486345
     -8.72936468       0.38492826
     -8.71435718       0.38544468
     -8.69934967       0.38643506
     -8.68434217       0.38781240
     -8.66933467       0.38939609
     -8.65432716       0.39095149
     -8.63931966       0.39224430
     -8.62431216       0.39309707
     -8.60930465       0.39343397
     -8.59429715       0.39330223
     -8.57928964       0.39286433
     -8.56428214       0.39236183
     -8.54927464       0.39205886
     -8.53426713       0.39217848
     -8.51925963       0.39284724
     -8.50425213       0.39406175
     -8.48924462       0.39568603
     -8.47423712       0.39748131
     -8.45922961       0.39916214
     -8.44422211       0.40046610
     -8.42921461       0.40122053
     -8.41420710       0.40138933
     -8.39919960       0.40108704
     -8.38419210       0.40055440
     -8.36918459       0.40009941
     -8.35417709       0.40001749
     -8.33916958       0.40051147
     -8.32416208       0.40163394
     -8.30915458       0.40326971
     -8.29414707       0.40516549
     -8.27913957       0.40699982
     -8.26413207       0.40847337
     -8.24912456       0.40939290
     -8.23411706       0.40972350
     -8.21910955       0.40959392
     -8.20410205       0.40925468
     -8.18909455       0.40900329
     -8.17408704       0.40910059
     -8.15907954       0.40970276
     -8.14407204       0.41082717
     -8.12906453       0.41235792
     -8.11405703       0.41408545
     -8.09904952       0.41576595
     -8.08404202       0.41718357
     -8.06903452       0.41820053
     -8.05402701       0.41878544
     -8.03901951       0.41901612
     -8.02401201       0.41905785
     -8.00900450       0.41912245
     -7.99399700       0.41941638
     -7.97898949       0.42008880
     -7.96398199       0.42119191
     -7.94897449       0.42266499
     -7.93396698       0.42434895
     -7.91895948       0.42603058
     -7.90395198       0.42750617
     -7.88894447       0.42864666
     -7.87393697       0.42944457
     -7.85892946       0.43002728
     -7.84392196       0.43063264
     -7.82891446       0.43155579
     -7.81390695       0.43308620
     -7.79889945       0.43545706
     -7.78389195       0.43882313
     -7.76888444       0.44327106
     -7.75387694       0.44885284
     -7.73886943       0.45562385
     -7.72386193       0.46366598
     -7.70885443       0.47308315
     -7.69384692       0.48396870
     -7.67883942       0.49635530
     -7.66383192       0.51016487
     -7.64882441       0.52517584
     -7.63381691       0.54101911
     -7.61880940       0.55720503
     -7.60380190       0.57317590
     -7.58879440       0.58837315
     -7.57378689       0.60230665
     -7.55877939       0.61461430
     -7.54377189       0.62510218
     -7.52876438       0.63375823
     -7.51375688       0.64073622
     -7.49874937       0.64631204
     -7.48374187       0.65082043
     -7.46873437       0.65458608
     -7.45372686       0.65786599
     -7.43871936       0.66081773
     -7.42371186       0.66350143
     -7.40870435       0.66591194
     -7.39369685       0.66802792
     -7.37868934       0.66985834
     -7.36368184       0.67146865
     -7.34867434       0.67297702
     -7.33366683       0.67452370
     -7.31865933       0.67622714
     -7.30365183       0.67814586
     -7.28864432       0.68026240
     -7.27363682       0.68249577
     -7.25862931       0.68473711
     -7.24362181       0.68689348
     -7.22861431       0.68892244
     -7.21360680       0.69084426
     -7.19859930       0.69272900
     -7.18359180       0.69466579
     -7.16858429       0.69672837
     -7.15357679       0.69895067
     -7.13856928       0.70132076
     -7.12356178       0.70379282
     -7.10855428       0.70630948
     -7.09354677       0.70882427
     -7.07853927       0.71131552
     -7.06353177       0.71378843
     -7.04852426       0.71626750
     -7.03351676       0.71878470
     -7.01850925       0.72136914
     -7.00350175       0.72404132
     -6.98849425       0.72681207
     -6.97348674       0.72968431
     -6.95847924       0.73265518
     -6.94347174       0.73571744
     -6.92846423       0.73886059
     -6.91345673       0.74207259
     -6.89844922       0.74534317
     -6.88344172       0.74866783
     -6.86843422       0.75205129
     -6.85342671       0.75550833
     -6.83841921       0.75906118
     -6.82341171       0.76273427
     -6.80840420       0.76654839
     -6.79339670       0.77051683
     -6.77838919       0.77464500
     -6.76338169       0.77893331
     -6.74837419       0.78338153
     -6.73336668       0.78799234
     -6.71835918       0.79277248
     -6.70335168       0.79773194
     -6.68834417       0.80288275
     -6.67333667       0.80823964
     -6.65832916       0.81382335
     -6.64332166       0.81966554
     -6.62831416       0.82581261
     -6.61330665       0.83232590
     -6.59829915       0.83927736
     -6.58329165       0.84674249
     -6.56828414       0.85479437
     -6.55327664       0.86350253
     -6.53826913       0.87293836
     -6.52326163       0.88318484
     -6.50825413       0.89434508
     -6.49324662       0.90654287
     -6.47823912       0.91990916
     -6.46323162       0.93455258
     -6.44822411       0.95051651
     -6.43321661       0.96772978
     -6.41820910       0.98596141
     -6.40320160       1.00479035
     -6.38819410       1.02360005
     -6.37318659       1.04160418
     -6.35817909       1.05790474
     -6.34317159       1.07157776
     -6.32816408       1.08177570
     -6.31315658       1.08783091
     -6.29814907       1.08934201
     -6.28314157       1.08622678
     -6.26813407       1.07873051
     -6.25312656       1.06738724
     -6.23811906       1.05294179
     -6.22311156       1.03624859
     -6.20810405       1.01816821
     -6.19309655       0.99948143
     -6.17808904       0.98083439
     -6.16308154       0.96271866
     -6.14807404       0.94548028
     -6.13306653       0.92934529
     -6.11805903       0.91444769
     -6.10305153       0.90084955
     -6.08804402       0.88855014
     -6.07303652       0.87748755
     -6.05802901       0.86754055
     -6.04302151       0.85853832
     -6.02801401       0.85028125
     -6.01300650       0.84257068
     -5.99799900       0.83524030
     -5.98299150       0.82818031
     -5.96798399       0.82134735
     -5.95297649       0.81475753
     -5.93796898       0.80846517
     -5.92296148       0.80253378
     -5.90795398       0.79700757
     -5.89294647       0.79189072
     -5.87793897       0.78713916
     -5.86293147       0.78266627
     -5.84792396       0.77836073
     -5.83291646       0.77411194
     -5.81790895       0.76983698
     -5.80290145       0.76550203
     -5.78789395       0.76113197
     -5.77288644       0.75680424
     -5.75787894       0.75262687
     -5.74287144       0.74870559
     -5.72786393       0.74510877
     -5.71285643       0.74184126
     -5.69784892       0.73883653
     -5.68284142       0.73597129
     -5.66783392       0.73309993
     -5.65282641       0.73009875
     -5.63781891       0.72690587
     -5.62281141       0.72354310
     -5.60780390       0.72011127
     -5.59279640       0.71675937
     -5.57778889       0.71363645
     -5.56278139       0.71084204
     -5.54777389       0.70839145
     -5.53276638       0.70620821
     -5.51775888       0.70414671
     -5.50275138       0.70203820
     -5.48774387       0.69974498
     -5.47273637       0.69720482
     -5.45772886       0.69445054
     -5.44272136       0.69159811
     -5.42771386       0.68880749
     -5.41270635       0.68622943
     -5.39769885       0.68395652
     -5.38269135       0.68199465
     -5.36768384       0.68026387
     -5.35267634       0.67862719
     -5.33766883       0.67693628
     -5.32266133       0.67507817
     -5.30765383       0.67300765
     -5.29264632       0.67075599
     -5.27763882       0.66841542
     -5.26263132       0.66610644
     -5.24762381       0.66394000
     -5.23261631       0.66198641
     -5.21760880       0.66025922
     -5.20260130       0.65871682
     -5.18759380       0.65727868
     -5.17258629       0.65584979
     -5.15757879       0.65434602
     -5.14257129       0.65271384
     -5.12756378       0.65094099
     -5.11255628       0.64905676
     -5.09754877       0.64712314
     -5.08254127       0.64521918
     -5.06753377       0.64342180
     -5.05252626       0.64178682
     -5.03751876       0.64033417
     -5.02251126       0.63904112
     -5.00750375       0.63784616
     -4.99249625       0.63666376
     -4.97748874       0.63540727
     -4.96248124       0.63401389
     -4.94747374       0.63246435
     -4.93246623       0.63079049
     -4.91745873       0.62906744
     -4.90245123       0.62739197
     -4.88744372       0.62585340
     -4.87243622       0.62450608
     -4.85742871       0.62335236
     -4.84242121       0.62234142
     -4.82741371       0.62138436
     -4.81240620       0.62038083
     -4.79739870       0.61924900
     -4.78239120       0.61794995
     -4.76738369       0.61649933
     -4.75237619       0.61496274
     -4.73736868       0.61343631
     -4.72236118       0.61201780
     -4.70735368       0.61077682
     -4.69234617       0.60973308
     -4.67733867       0.60884959
     -4.66233117       0.60804362
     -4.64732366       0.60721240
     -4.63231616       0.60626575
     -4.61730865       0.60515500
     -4.60230115       0.60388851
     -4.58729365       0.60252835
     -4.57228614       0.60116916
     -4.55727864       0.59990660
     -4.54227114       0.59880603
     -4.52726363       0.59788235
     -4.51225613       0.59709711
     -4.49724862       0.59637341
     -4.48224112       0.59562249
     -4.46723362       0.59477283
     -4.45222611       0.59379191
     -4.43721861       0.59269424
     -4.42221111       0.59153388
     -4.40720360       0.59038490
     -4.39219610       0.58931659
     -4.37718859       0.58837154
     -4.36218109       0.58755328
     -4.34717359       0.58682720
     -4.33216608       0.58613398
     -4.31715858       0.58541092
     -4.30215108       0.58461376
     -4.28714357       0.58373139
     -4.27213607       0.58278805
     -4.25712856       0.58183207
     -4.24212106       0.58091569
     -4.22711356       0.58007391
     -4.21210605       0.57931117
     -4.19709855       0.57860179
     -4.18209105       0.57790362
     -4.16708354       0.57717891
     -4.15207604       0.57641252
     -4.13706853       0.57561857
     -4.12206103       0.57483236
     -4.10705353       0.57409122
     -4.09204602       0.57341384
     -4.07703852       0.57278862
     -4.06203102       0.57217749
     -4.04702351       0.57153387
     -4.03201601       0.57082630
     -4.01700850       0.57005623
     -4.00200100       0.56926051
     -3.98699350       0.56849707
     -3.97198599       0.56781966
     -3.95697849       0.56725342
     -3.94197099       0.56678241
     -3.92696348       0.56635473
     -3.91195598       0.56590294
     -3.89694847       0.56537080
     -3.88194097       0.56473511
     -3.86693347       0.56401409
     -3.85192596       0.56325998
     -3.83691846       0.56253961
     -3.82191096       0.56191101
     -3.80690345       0.56140440
     -3.79189595       0.56101327
     -3.77688844       0.56069747
     -3.76188094       0.56039619
     -3.74687344       0.56004671
     -3.73186593       0.55960333
     -3.71685843       0.55905171
     -3.70185093       0.55841437
     -3.68684342       0.55774541
     -3.67183592       0.55711511
     -3.65682841       0.55658815
     -3.64182091       0.55620196
     -3.62681341       0.55595254
     -3.61180590       0.55579330
     -3.59679840       0.55564870
     -3.58179090       0.55543868
     -3.56678339       0.55510603
     -3.55177589       0.55463689
     -3.53676838       0.55406697
     -3.52176088       0.55347090
     -3.50675338       0.55293790
     -3.49174587       0.55254222
     -3.47673837       0.55231800
     -3.46173087       0.55224714
     -3.44672336       0.55226415
     -3.43171586       0.55227672
     -3.41670835       0.55219551
     -3.40170085       0.55196386
     -3.38669335       0.55157776
     -3.37168584       0.55108912
     -3.35667834       0.55059071
     -3.34167084       0.55018664
     -3.32666333       0.54995763
     -3.31165583       0.54993261
     -3.29664832       0.55007666
     -3.28164082       0.55030050
     -3.26663332       0.55048923
     -3.25162581       0.55054130
     -3.23661831       0.55040447
     -3.22161081       0.55009590
     -3.20660330       0.54969856
     -3.19159580       0.54933442
     -3.17658829       0.54912295
     -3.16158079       0.54913935
     -3.14657329       0.54938727
     -3.13156578       0.54979609
     -3.11655828       0.55024429
     -3.10155078       0.55060123
     -3.08654327       0.55077282
     -3.07153577       0.55073498
     -3.05652826       0.55054301
     -3.04152076       0.55031336
     -3.02651326       0.55018401
     -3.01150575       0.55026712
     -2.99649825       0.55061049
     -2.98149075       0.55118098
     -2.96648324       0.55187555
     -2.95147574       0.55255607
     -2.93646823       0.55309572
     -2.92146073       0.55342099
     -2.90645323       0.55353450
     -2.89144572       0.55351038
     -2.87643822       0.55346265
     -2.86143072       0.55349618
     -2.84642321       0.55365519
     -2.83141571       0.55388554
     -2.81640820       0.55402230
     -2.80140070       0.55380661
     -2.78639320       0.55292683
     -2.77138569       0.55107198
     -2.75637819       0.54798276
     -2.74137069       0.54348758
     -2.72636318       0.53751693
     -2.71135568       0.53009726
     -2.69634817       0.52133194
     -2.68134067       0.51138008
     -2.66633317       0.50044261
     -2.65132566       0.48876011
     -2.63631816       0.47662026
     -2.62131066       0.46436700
     -2.60630315       0.45240095
     -2.59129565       0.44116239
     -2.57628814       0.43109377
     -2.56128064       0.42258622
     -2.54627314       0.41592166
     -2.53126563       0.41122598
     -2.51625813       0.40844786
     -2.50125063       0.40737198
     -2.48624312       0.40766629
     -2.47123562       0.40895317
     -2.45622811       0.41088682
     -2.44122061       0.41321689
     -2.42621311       0.41582195
     -2.41120560       0.41870499
     -2.39619810       0.42195468
     -2.38119060       0.42568628
     -2.36618309       0.42998223
     -2.35117559       0.43485230
     -2.33616808       0.44022622
     -2.32116058       0.44598097
     -2.30615308       0.45199313
     -2.29114557       0.45819794
     -2.27613807       0.46463446
     -2.26113057       0.47146029
     -2.24612306       0.47892925
     -2.23111556       0.48733728
     -2.21610805       0.49695188
     -2.20110055       0.50794505
     -2.18609305       0.52034743
     -2.17108554       0.53403351
     -2.15607804       0.54873634
     -2.14107054       0.56408091
     -2.12606303       0.57962024
     -2.11105553       0.59486017
     -2.09604802       0.60926683
     -2.08104052       0.62226146
     -2.06603302       0.63321662
     -2.05102551       0.64147098
     -2.03601801       0.64637603
     -2.02101051       0.64737628
     -2.00600300       0.64411007
     -1.99099550       0.63650529
     -1.97598799       0.62483908
     -1.96098049       0.60973596
     -1.94597299       0.59209419
     -1.93096548       0.57295134
     -1.91595798       0.55332006
     -1.90095048       0.53403624
     -1.88594297       0.51565946
     -1.87093547       0.49844996
     -1.85592796       0.48242195
     -1.84092046       0.46744878
     -1.82591296       0.45337992
     -1.81090545       0.44012929
     -1.79589795       0.42770808
     -1.78089045       0.41619854
     -1.76588294       0.40568814
     -1.75087544       0.39619739
     -1.73586793       0.38763466
     -1.72086043       0.37979795
     -1.70585293       0.37242317
     -1.69084542       0.36525916
     -1.67583792       0.35813935
     -1.66083042       0.35102233
     -1.64582291       0.34398666
     -1.63081541       0.33718320
     -1.61580790       0.33076477
     -1.60080040       0.32482008
     -1.58579290       0.31933627
     -1.57078539       0.31420226
     -1.55577789       0.30924916
     -1.54077039       0.30431069
     -1.52576288       0.29928004
     -1.51075538       0.29414221
     -1.49574787       0.28897132
     -1.48074037       0.28389570
     -1.46573287       0.27904524
     -1.45072536       0.27450130
     -1.43571786       0.27026715
     -1.42071036       0.26626877
     -1.40570285       0.26238397
     -1.39069535       0.25848771
     -1.37568784       0.25449622
     -1.36068034       0.25039401
     -1.34567284       0.24623457
     -1.33066533       0.24211607
     -1.31565783       0.23814202
     -1.30065033       0.23438205
     -1.28564282       0.23084710
     -1.27063532       0.22748735
     -1.25562781       0.22421256
     -1.24062031       0.22092625
     -1.22561281       0.21756064
     -1.21060530       0.21409927
     -1.19559780       0.21057992
     -1.18059030       0.20707727
     -1.16558279       0.20367300
     -1.15057529       0.20042467
     -1.13556778       0.19734502
     -1.12056028       0.19439888
     -1.10555278       0.19151795
     -1.09054527       0.18862730
     -1.07553777       0.18567299
     -1.06053027       0.18264072
     -1.04552276       0.17955880
     -1.03051526       0.17648514
     -1.01550775       0.17348373
     -1.00050025       0.17060003
     -0.98549275       0.16784438
     -0.97048524       0.16518950
     -0.95547774       0.16258220
     -0.94047024       0.15996439
     -0.92546273       0.15729496
     -0.91045523       0.15456429
     -0.89544772       0.15179605
     -0.88044022       0.14903630
     -0.86543272       0.14633455
     -0.85042521       0.14372443
     -0.83541771       0.14121132
     -0.82041021       0.13877151
     -0.80540270       0.13636252
     -0.79039520       0.13394023
     -0.77538769       0.13147566
     -0.76038019       0.12896521
     -0.74537269       0.12643053
     -0.73036518       0.12390859
     -0.71535768       0.12143643
     -0.70035018       0.11903657
     -0.68534267       0.11670878
     -0.67033517       0.11443116
     -0.65532766       0.11216961
     -0.64032016       0.10989168
     -0.62531266       0.10757912
     -0.61030515       0.10523424
     -0.59529765       0.10287786
     -0.58029015       0.10053991
     -0.56528264       0.09824682
     -0.55027514       0.09601089
     -0.53526763       0.09382596
     -0.52026013       0.09167073
     -0.50525263       0.08951818
     -0.49024512       0.08734678
     -0.47523762       0.08514885
     -0.46023012       0.08293271
     -0.44522261       0.08071810
     -0.43021511       0.07852713
     -0.41520760       0.07637496
     -0.40020010       0.07426394
     -0.38519260       0.07218355
     -0.37018509       0.07011562
     -0.35517759       0.06804228
     -0.34017009       0.06595310
     -0.32516258       0.06384861
     -0.31015508       0.06173897
     -0.29514757       0.05963894
     -0.28014007       0.05756143
     -0.26513257       0.05551241
     -0.25012506       0.05348908
     -0.23511756       0.05148171
     -0.22011006       0.04947799
     -0.20510255       0.04746808
     -0.19009505       0.04544809
     -0.17508754       0.04342110
     -0.16008004       0.04139527
     -0.14507254       0.03938025
     -0.13006503       0.03738329
     -0.11505753       0.03540655
     -0.10005003       0.03344678
     -0.08504252       0.03149707
     -0.07003502       0.02955020
     -0.05502751       0.02760229
     -0.04002001       0.02565527
     -0.02501251       0.02371774
     -0.01000500       0.02180389
      0.00500250       0.01993130
      0.02001001       0.01811867
      0.03501751       0.01638453
      0.05002501       0.01474738
      0.06503252       0.01322720
      0.08004002       0.01184731
      0.09504752       0.01063560
      0.11005503       0.00962397
      0.12506253       0.00884565
      0.14007004       0.00833086
      0.15507754       0.00810174
      0.17008504       0.00816832
      0.18509255       0.00852642
      0.20010005       0.00915846
      0.21510755       0.01003672
      0.23011506       0.01112816
      0.24512256       0.01239932
      0.26013007       0.01381995
      0.27513757       0.01536452
      0.29014507       0.01701173
      0.30515258       0.01874267
      0.32016008       0.02053888
      0.33516758       0.02238136
      0.35017509       0.02425120
      0.36518259       0.02613151
      0.38019010       0.02801004
      0.39519760       0.02988110
      0.41020510       0.03174597
      0.42521261       0.03361124
      0.44022011       0.03548548
      0.45522761       0.03737534
      0.47023512       0.03928239
      0.48524262       0.04120188
      0.50025013       0.04312408
      0.51525763       0.04503775
      0.53026513       0.04693461
      0.54527264       0.04881299
      0.56028014       0.05067932
      0.57528764       0.05254637
      0.59029515       0.05442876
      0.60530265       0.05633718
      0.62031016       0.05827356
      0.63531766       0.06022932
      0.65032516       0.06218784
      0.66533267       0.06413062
      0.68034017       0.06604498
      0.69534767       0.06793013
      0.71035518       0.06979891
      0.72536268       0.07167388
      0.74037019       0.07357883
      0.75537769       0.07552894
      0.77038519       0.07752360
      0.78539270       0.07954524
      0.80040020       0.08156534
      0.81540770       0.08355544
      0.83041521       0.08549916
      0.84542271       0.08739997
      0.86043022       0.08928135
      0.87543772       0.09117865
      0.89044522       0.09312563
      0.90545273       0.09514081
      0.92046023       0.09721918
      0.93546773       0.09933293
      0.95047524       0.10144122
      0.96548274       0.10350556
      0.98049025       0.10550501
      0.99549775       0.10744530
      1.01050525       0.10935816
      1.02551276       0.11129071
      1.04052026       0.11328854
      1.05552776       0.11537853
      1.07053527       0.11755785
      1.08554277       0.11979344
      1.10055028       0.12203271
      1.11555778       0.12422210
      1.13056528       0.12632696
      1.14557279       0.12834569
      1.16058029       0.13031236
      1.17558779       0.13228646
      1.19059530       0.13433259
      1.20560280       0.13649730
      1.22061031       0.13879103
      1.23561781       0.14118251
      1.25062531       0.14360786
      1.26563282       0.14599210
      1.28064032       0.14827576
      1.29564782       0.15043722
      1.31065533       0.15250263
      1.32566283       0.15453920
      1.34067034       0.15663375
      1.35567784       0.15886310
      1.37068534       0.16126682
      1.38569285       0.16383152
      1.40070035       0.16649307
      1.41570785       0.16915649
      1.43071536       0.17172762
      1.44572286       0.17414599
      1.46073037       0.17640768
      1.47573787       0.17856986
      1.49074537       0.18073454
      1.50575288       0.18301619
      1.52076038       0.18550352
      1.53576788       0.18822825
      1.55077539       0.19115166
      1.56578289       0.19417446
      1.58079040       0.19716752
      1.59579790       0.20001418
      1.61080540       0.20265047
      1.62581291       0.20508957
      1.64082041       0.20742181
      1.65582791       0.20978887
      1.67083542       0.21233977
      1.68584292       0.21518221
      1.70085043       0.21834519
      1.71585793       0.22176582
      1.73086543       0.22530577
      1.74587294       0.22879331
      1.76088044       0.23207863
      1.77588794       0.23508471
      1.79089545       0.23783713
      1.80590295       0.24046195
      1.82091046       0.24315073
      1.83591796       0.24610250
      1.85092546       0.24946014
      1.86593297       0.25326175
      1.88094047       0.25742334
      1.89594797       0.26176030
      1.91095548       0.26604269
      1.92596298       0.27006847
      1.94097049       0.27373195
      1.95597799       0.27706507
      1.97098549       0.28023666
      1.98599300       0.28350744
      2.00100050       0.28715271
      2.01600800       0.29137592
      2.03101551       0.29624059
      2.04602301       0.30164381
      2.06103052       0.30734275
      2.07603802       0.31302867
      2.09104552       0.31842746
      2.10605303       0.32339551
      2.12106053       0.32797902
      2.13606803       0.33241521
      2.15107554       0.33707154
      2.16608304       0.34233950
      2.18109055       0.34851604
      2.19609805       0.35571192
      2.21110555       0.36381968
      2.22611306       0.37255581
      2.24112056       0.38156704
      2.25612806       0.39056803
      2.27113557       0.39946493
      2.28614307       0.40842113
      2.30115058       0.41783888
      2.31615808       0.42825713
      2.33116558       0.44019339
      2.34617309       0.45397658
      2.36118059       0.46962075
      2.37618809       0.48677717
      2.39119560       0.50477697
      2.40620310       0.52274970
      2.42121061       0.53978175
      2.43621811       0.55507112
      2.45122561       0.56804126
      2.46623312       0.57839412
      2.48124062       0.58610303
      2.49624812       0.59136297
      2.51125563       0.59452374
      2.52626313       0.59602961
      2.54127064       0.59637922
      2.55627814       0.59610713
      2.57128564       0.59577752
      2.58629315       0.59597529
      2.60130065       0.59728118
      2.61630815       0.60022434
      2.63131566       0.60521575
      2.64632316       0.61247525
      2.66133067       0.62197064
      2.67633817       0.63338799
      2.69134567       0.64614659
      2.70635318       0.65946262
      2.72136068       0.67245405
      2.73636818       0.68426867
      2.75137569       0.69421115
      2.76638319       0.70184374
      2.78139070       0.70704038
      2.79639820       0.70998336
      2.81140570       0.71110401
      2.82641321       0.71098089
      2.84142071       0.71021768
      2.85642821       0.70932724
      2.87143572       0.70864609
      2.88644322       0.70829601
      2.90145073       0.70819842
      2.91645823       0.70813448
      2.93146573       0.70783361
      2.94647324       0.70706692
      2.96148074       0.70572198
      2.97648824       0.70384053
      2.99149575       0.70161140
      3.00650325       0.69932198
      3.02151076       0.69728273
      3.03651826       0.69574544
      3.05152576       0.69483737
      3.06653327       0.69452847
      3.08154077       0.69464018
      3.09654827       0.69489302
      3.11155578       0.69498010
      3.12656328       0.69464719
      3.14157079       0.69375843
      3.15657829       0.69233055
      3.17158579       0.69052719
      3.18659330       0.68861511
      3.20160080       0.68689397
      3.21660830       0.68561821
      3.23161581       0.68493130
      3.24662331       0.68482921
      3.26163082       0.68516221
      3.27663832       0.68567434
      3.29164582       0.68606993
      3.30665333       0.68608989
      3.32166083       0.68557811
      3.33666833       0.68452102
      3.35167584       0.68305015
      3.36668334       0.68140759
      3.38169085       0.67988323
      3.39669835       0.67874039
      3.41170585       0.67814858
      3.42671336       0.67814081
      3.44172086       0.67860581
      3.45672836       0.67931690
      3.47173587       0.67999009
      3.48674337       0.68035639
      3.50175088       0.68023016
      3.51675838       0.67955598
      3.53176588       0.67842234
      3.54677339       0.67703852
      3.56178089       0.67568086
      3.57678839       0.67462217
      3.59179590       0.67406264
      3.60680340       0.67407966
      3.62181091       0.67460928
      3.63681841       0.67546333
      3.65182591       0.67637730
      3.66683342       0.67707684
      3.68184092       0.67734604
      3.69684842       0.67708096
      3.71185593       0.67631537
      3.72686343       0.67521239
      3.74187094       0.67402398
      3.75687844       0.67302788
      3.77188594       0.67245769
      3.78689345       0.67244347
      3.80190095       0.67297860
      3.81690845       0.67392148
      3.83191596       0.67503197
      3.84692346       0.67603296
      3.86193097       0.67668092
      3.87693847       0.67682676
      3.89194597       0.67645178
      3.90695348       0.67567019
      3.92196098       0.67469873
      3.93696848       0.67380203
      3.95197599       0.67322770
      3.96698349       0.67314688
      3.98199100       0.67361367
      3.99699850       0.67455251
      4.01200600       0.67577617
      4.02701351       0.67703041
      4.04202101       0.67805527
      4.05702851       0.67864897
      4.07203602       0.67871885
      4.08704352       0.67830616
      4.10205103       0.67757753
      4.11705853       0.67678410
      4.13206603       0.67619821
      4.14707354       0.67604390
      4.16208104       0.67643949
      4.17708854       0.67736750
      4.19209605       0.67867982
      4.20710355       0.68013642
      4.22211106       0.68146704
      4.23711856       0.68243966
      4.25212606       0.68291813
      4.26713357       0.68289457
      4.28214107       0.68248912
      4.29714857       0.68191795
      4.31215608       0.68143819
      4.32716358       0.68128404
      4.34217109       0.68161002
      4.35717859       0.68245512
      4.37218609       0.68373588
      4.38719360       0.68526921
      4.40220110       0.68681836
      4.41720860       0.68815031
      4.43221611       0.68909050
      4.44722361       0.68956246
      4.46223112       0.68960399
      4.47723862       0.68935710
      4.49224612       0.68903495
      4.50725363       0.68887324
      4.52226113       0.68907670
      4.53726863       0.68977167
      4.55227614       0.69097504
      4.56728364       0.69258695
      4.58229115       0.69441042
      4.59729865       0.69619600
      4.61230615       0.69770332
      4.62731366       0.69876623
      4.64232116       0.69934514
      4.65732866       0.69955100
      4.67233617       0.69963100
      4.68734367       0.69991606
      4.70235118       0.70074170
      4.71735868       0.70236350
      4.73236618       0.70489191
      4.74737369       0.70826684
      4.76238119       0.71228062
      4.77738869       0.71664191
      4.79239620       0.72105966
      4.80740370       0.72531930
      4.82241121       0.72932702
      4.83741871       0.73311022
      4.85242621       0.73677838
      4.86743372       0.74046249
      4.88244122       0.74425682
      4.89744872       0.74818280
      4.91245623       0.75218366
      4.92746373       0.75614530
      4.94247124       0.75993044
      4.95747874       0.76341093
      4.97248624       0.76648907
      4.98749375       0.76910642
      5.00250125       0.77124558
      5.01750875       0.77293139
      5.03251626       0.77423483
      5.04752376       0.77527641
      5.06253127       0.77622192
      5.07753877       0.77726364
      5.09254627       0.77858559
      5.10755378       0.78031922
      5.12256128       0.78250301
      5.13756878       0.78506134
      5.15257629       0.78781373
      5.16758379       0.79051667
      5.18259130       0.79292900
      5.19759880       0.79488284
      5.21260630       0.79633856
      5.22761381       0.79740565
      5.24262131       0.79832040
      5.25762881       0.79938469
      5.27263632       0.80088200
      5.28764382       0.80299495
      5.30265133       0.80574919
      5.31765883       0.80900146
      5.33266633       0.81247694
      5.34767384       0.81584608
      5.36268134       0.81881884
      5.37768884       0.82122891
      5.39269635       0.82308284
      5.40770385       0.82455950
      5.42271136       0.82595981
      5.43771886       0.82762156
      5.45272636       0.82982412
      5.46773387       0.83271076
      5.48274137       0.83625086
      5.49774887       0.84025224
      5.51275638       0.84441902
      5.52776388       0.84843743
      5.54277139       0.85206405
      5.55777889       0.85519148
      5.57278639       0.85787378
      5.58779390       0.86030642
      5.60280140       0.86276889
      5.61780890       0.86554781
      5.63281641       0.86886278
      5.64782391       0.87281449
      5.66283142       0.87736710
      5.67783892       0.88236689
      5.69284642       0.88758950
      5.70785393       0.89280157
      5.72286143       0.89782046
      5.73786893       0.90255755
      5.75287644       0.90703634
      5.76788394       0.91138324
      5.78289145       0.91579591
      5.79789895       0.92049843
      5.81290645       0.92569495
      5.82791396       0.93153194
      5.84292146       0.93807631
      5.85792896       0.94531225
      5.87293647       0.95315599
      5.88794397       0.96148442
      5.90295148       0.97017216
      5.91795898       0.97913095
      5.93296648       0.98834462
      5.94797399       0.99789385
      5.96298149       1.00796461
      5.97798899       1.01883664
      5.99299650       1.03085008
      6.00800400       1.04435231
      6.02301151       1.05963082
      6.03801901       1.07684150
      6.05302651       1.09594390
      6.06803402       1.11665551
      6.08304152       1.13843514
      6.09804902       1.16050161
      6.11305653       1.18188875
      6.12806403       1.20153131
      6.14307154       1.21837098
      6.15807904       1.23146713
      6.17308654       1.24009554
      6.18809405       1.24381985
      6.20310155       1.24252511
      6.21810905       1.23641017
      6.23311656       1.22594320
      6.24812406       1.21179135
      6.26313157       1.19473897
      6.27813907       1.17560878
      6.29314657       1.15519669
      6.30815408       1.13422557
      6.32316158       1.11331758
      6.33816908       1.09298100
      6.35317659       1.07360623
      6.36818409       1.05546686
      6.38319160       1.03872442
      6.39819910       1.02343751
      6.41320660       1.00957710
      6.42821411       0.99704863
      6.44322161       0.98571897
      6.45822911       0.97544404
      6.47323662       0.96609101
      6.48824412       0.95754994
      6.50325163       0.94973215
      6.51825913       0.94255702
      6.53326663       0.93593301
      6.54827414       0.92974125
      6.56328164       0.92383025
      6.57828914       0.91802744
      6.59329665       0.91216744
      6.60830415       0.90613091
      6.62331166       0.89988224
      6.63831916       0.89349260
      6.65332666       0.88713724
      6.66833417       0.88106284
      6.68334167       0.87553020
      6.69834917       0.87074603
      6.71335668       0.86680268
      6.72836418       0.86364357
      6.74337169       0.86106557
      6.75837919       0.85875887
      6.77338669       0.85637459
      6.78839420       0.85360250
      6.80340170       0.85023915
      6.81840920       0.84622997
      6.83341671       0.84167636
      6.84842421       0.83680770
      6.86343172       0.83192678
      6.87843922       0.82734246
      6.89344672       0.82330536
      6.90845423       0.81996091
      6.92346173       0.81732883
      6.93846923       0.81531160
      6.95347674       0.81372688
      6.96848424       0.81235357
      6.98349175       0.81097806
      6.99849925       0.80942912
      7.01350675       0.80759483
      7.02851426       0.80542185
      7.04352176       0.80290341
      7.05852926       0.80006549
      7.07353677       0.79695889
      7.08854427       0.79366011
      7.10355178       0.79027754
      7.11855928       0.78695503
      7.13356678       0.78386438
      7.14857429       0.78118207
      7.16358179       0.77905293
      7.17858929       0.77754993
      7.19359680       0.77664348
      7.20860430       0.77619255
      7.22361181       0.77596382
      7.23861931       0.77567618
      7.25362681       0.77505976
      7.26863432       0.77391348
      7.28364182       0.77214577
      7.29864932       0.76978845
      7.31365683       0.76698217
      7.32866433       0.76394008
      7.34367184       0.76090146
      7.35867934       0.75808816
      7.37368684       0.75567318
      7.38869435       0.75376512
      7.40370185       0.75240645
      7.41870935       0.75158000
      7.43371686       0.75121755
      7.44872436       0.75120659
      7.46373187       0.75139541
      7.47873937       0.75159988
      7.49374687       0.75161683
      7.50875438       0.75124753
      7.52376188       0.75033072
      7.53876938       0.74877953
      7.55377689       0.74661230
      7.56878439       0.74396611
      7.58379190       0.74108448
      7.59879940       0.73827751
      7.61380690       0.73586113
      7.62881441       0.73408975
      7.64382191       0.73310009
      7.65882941       0.73288190
      7.67383692       0.73328396
      7.68884442       0.73405307
      7.70385193       0.73489450
      7.71885943       0.73553603
      7.73386693       0.73577821
      7.74887444       0.73551913
      7.76388194       0.73475116
      7.77888944       0.73353636
      7.79389695       0.73197356
      7.80890445       0.73017064
      7.82391196       0.72823166
      7.83891946       0.72626011
      7.85392696       0.72437194
      7.86893447       0.72270630
      7.88394197       0.72142233
      7.89894947       0.72067570
      7.91395698       0.72057781
      7.92896448       0.72114995
      7.94397199       0.72228971
      7.95897949       0.72376593
      7.97398699       0.72525017
      7.98899450       0.72638094
      8.00400200       0.72684477
      8.01900950       0.72645195
      8.03401701       0.72518478
      8.04902451       0.72320462
      8.06403202       0.72081595
      8.07903952       0.71839813
      8.09404702       0.71632361
      8.10905453       0.71488353
      8.12406203       0.71423733
      8.13906953       0.71439529
      8.15407704       0.71523357
      8.16908454       0.71653390
      8.18409205       0.71803581
      8.19909955       0.71948809
      8.21410705       0.72068888
      8.22911456       0.72150762
      8.24412206       0.72188773
      8.25912956       0.72183392
      8.27413707       0.72139154
      8.28914457       0.72062685
      8.30415208       0.71961542
      8.31915958       0.71844146
      8.33416708       0.71720589
      8.34917459       0.71603591
      8.36418209       0.71508716
      8.37918959       0.71453137
      8.39419710       0.71452769
      8.40920460       0.71518308
      8.42421211       0.71651267
      8.43921961       0.71841385
      8.45422711       0.72066536
      8.46923462       0.72295626
      8.48424212       0.72494102
      8.49924962       0.72630907
      8.51425713       0.72685243
      8.52926463       0.72651479
      8.54427214       0.72540986
      8.55927964       0.72380409
      8.57428714       0.72206723
      8.58929465       0.72060128
      8.60430215       0.71976313
      8.61930965       0.71979689
      8.63431716       0.72078977
      8.64932466       0.72265999
      8.66433217       0.72517855
      8.67933967       0.72801928
      8.69434717       0.73082582
      8.70935468       0.73328059
      8.72436218       0.73516091
      8.73936968       0.73637087
      8.75437719       0.73694388
      8.76938469       0.73701829
      8.78439220       0.73679526
      8.79939970       0.73649165
      8.81440720       0.73630074
      8.82941471       0.73636950
      8.84442221       0.73679466
      8.85942971       0.73763281
      8.87443722       0.73891564
      8.88944472       0.74066021
      8.90445223       0.74286799
      8.91945973       0.74551229
      8.93446723       0.74851995
      8.94947474       0.75175755
      8.96448224       0.75503211
      8.97948974       0.75811249
      8.99449725       0.76077039
      9.00950475       0.76283283
      9.02451226       0.76423247
      9.03951976       0.76504078
      9.05452726       0.76547217
      9.06953477       0.76585444
      9.08454227       0.76656927
      9.09954977       0.76797547
      9.11455728       0.77033266
      9.12956478       0.77374409
      9.14457229       0.77813263
      9.15957979       0.78325606
      9.17458729       0.78875736
      9.18959480       0.79423692
      9.20460230       0.79932855
      9.21960980       0.80376088
      9.23461731       0.80739120
      9.24962481       0.81020675
      9.26463232       0.81229817
      9.27963982       0.81381679
      9.29464732       0.81493074
      9.30965483       0.81579304
      9.32466233       0.81652953
      9.33966983       0.81724646
      9.35467734       0.81805100
      9.36968484       0.81907330
      9.38469235       0.82047859
      9.39969985       0.82246151
      9.41470735       0.82522042
      9.42971486       0.82891619
      9.44472236       0.83362482
      9.45972986       0.83929568
      9.47473737       0.84572655
      9.48974487       0.85256302
      9.50475238       0.85932484
      9.51975988       0.86545561
      9.53476738       0.87038727
      9.54977489       0.87360730
      9.56478239       0.87471612
      9.57978989       0.87346476
      9.59479740       0.86976756
      9.60980490       0.86369106
      9.62481241       0.85542539
      9.63981991       0.84524763
      9.65482741       0.83348681
      9.66983492       0.82049709
      9.68484242       0.80664151
      9.69984992       0.79228430
      9.71485743       0.77778695
      9.72986493       0.76350300
      9.74487244       0.74976794
      9.75987994       0.73688360
      9.77488744       0.72509881
      9.78989495       0.71458976
      9.80490245       0.70544408
      9.81990995       0.69765185
      9.83491746       0.69110588
      9.84992496       0.68561249
      9.86493247       0.68091279
      9.87993997       0.67671372
      9.89494747       0.67272616
      9.90995498       0.66870627
      9.92496248       0.66449426
      9.93996998       0.66004433
      9.95497749       0.65543924
      9.96998499       0.65088472
      9.98499250       0.64668169
     10.00000000       0.64317760
