#        k-dist (A^-1)        energy(eV) :       1 -th eigen
# wavefunction coeff.: <ci|sigma|ci>,sigma=sigma_0         1        2
     0.000000                             -7.631101    0.5000   0.5000
     0.077929                             -7.605719    0.5000   0.5000
     0.155858                             -7.529869    0.5000   0.5000
     0.233787                             -7.404424    0.5000   0.5000
     0.311716                             -7.230827    0.5000   0.5000
     0.389645                             -7.011053    0.5000   0.5000
     0.467574                             -6.747585    0.5000   0.5000
     0.545504                             -6.443382    0.5000   0.5000
     0.623433                             -6.101861    0.5000   0.5000
     0.701362                             -5.726904    0.5000   0.5000
     0.779291                             -5.322917    0.5000   0.5000
     0.857220                             -4.894975    0.5000   0.5000
     0.935149                             -4.449106    0.5000   0.5000
     1.013078                             -3.992827    0.5000   0.5000
     1.091007                             -3.536100    0.5000   0.5000
     1.168936                             -3.092983    0.5000   0.5000
     1.246865                             -2.684273    0.5000   0.5000
     1.324794                             -2.340877    0.5000   0.5000
     1.402723                             -2.104844    0.5000   0.5000
     1.480653                             -2.019555    0.5000   0.5000
     1.480653                             -2.019555    0.5000   0.5000
     1.525645                             -2.013628    0.5000   0.5000
     1.570637                             -1.995837    0.5000   0.5000
     1.615630                             -1.966164    0.5000   0.5000
     1.660622                             -1.924573    0.5000   0.5000
     1.705614                             -1.871019    0.5000   0.5000
     1.750607                             -1.805449    0.5000   0.5000
     1.795599                             -1.727803    0.5000   0.5000
     1.840592                             -1.638016    0.5000   0.5000
     1.885584                             -1.536026    0.5000   0.5000
     1.930576                             -1.421776    0.5000   0.5000
     1.975569                             -1.295220    0.5000   0.5000
     2.020561                             -1.156323    0.5000   0.5000
     2.065553                             -1.005073    0.5000   0.5000
     2.110546                             -0.841482    0.5000   0.5000
     2.155538                             -0.665594    0.5000   0.5000
     2.200531                             -0.477487    0.5000   0.5000
     2.245523                             -0.277281    0.5000   0.5000
     2.290515                             -0.065143    0.5000   0.5000
     2.335508                              0.158710    0.4891   0.5109
     2.335508                              0.158710    0.5000   0.5000
     2.425492                             -0.316671    0.5000   0.5000
     2.515477                             -0.820932    0.5000   0.5000
     2.605462                             -1.348621    0.5000   0.5000
     2.695447                             -1.893816    0.5000   0.5000
     2.785431                             -2.450177    0.5000   0.5000
     2.875416                             -3.011005    0.5000   0.5000
     2.965401                             -3.569327    0.5000   0.5000
     3.055386                             -4.117980    0.5000   0.5000
     3.145370                             -4.649727    0.5000   0.5000
     3.235355                             -5.157364    0.5000   0.5000
     3.325340                             -5.633847    0.5000   0.5000
     3.415325                             -6.072422    0.5000   0.5000
     3.505309                             -6.466752    0.5000   0.5000
     3.595294                             -6.811041    0.5000   0.5000
     3.685279                             -7.100159    0.5000   0.5000
     3.775264                             -7.329744    0.5000   0.5000
     3.865248                             -7.496299    0.5000   0.5000
     3.955233                             -7.597270    0.5000   0.5000
     4.045218                             -7.631101    0.5000   0.5000
     4.045218                             -7.631101    0.5000   0.5000
     4.056241                             -7.631101    0.5000   0.5000
     4.067264                             -7.631101    0.5000   0.5000
     4.078287                             -7.631101    0.5000   0.5000
     4.089311                             -7.631101    0.5000   0.5000
     4.100334                             -7.631101    0.5000   0.5000
     4.111357                             -7.631101    0.5000   0.5000
     4.122380                             -7.631101    0.5000   0.5000
     4.133403                             -7.631101    0.5000   0.5000
     4.144426                             -7.631101    0.5000   0.5000
     4.155449                             -7.631101    0.5000   0.5000
     4.166472                             -7.631101    0.5000   0.5000
     4.177496                             -7.631101    0.5000   0.5000
     4.188519                             -7.631101    0.5000   0.5000
     4.199542                             -7.631101    0.5000   0.5000
     4.210565                             -7.631101    0.5000   0.5000
     4.221588                             -7.631101    0.5000   0.5000
     4.232611                             -7.631101    0.5000   0.5000
     4.243634                             -7.631101    0.5000   0.5000
     4.254657                             -7.631101    0.5000   0.5000
 
 
#        k-dist (A^-1)        energy(eV) :       2 -th eigen
# wavefunction coeff.: <ci|sigma|ci>,sigma=sigma_0         1        2
     0.000000                              9.418695    0.5000   0.5000
     0.077929                              9.384402    0.5000   0.5000
     0.155858                              9.282059    0.5000   0.5000
     0.233787                              9.113265    0.5000   0.5000
     0.311716                              8.880643    0.5000   0.5000
     0.389645                              8.587779    0.5000   0.5000
     0.467574                              8.239150    0.5000   0.5000
     0.545504                              7.840038    0.5000   0.5000
     0.623433                              7.396447    0.5000   0.5000
     0.701362                              6.915045    0.5000   0.5000
     0.779291                              6.403142    0.5000   0.5000
     0.857220                              5.868755    0.5000   0.5000
     0.935149                              5.320817    0.5000   0.5000
     1.013078                              4.769628    0.5000   0.5000
     1.091007                              4.227740    0.5000   0.5000
     1.168936                              3.711533    0.5000   0.5000
     1.246865                              3.243798    0.5000   0.5000
     1.324794                              2.857052    0.5000   0.5000
     1.402723                              2.594527    0.5000   0.5000
     1.480653                              2.500327    0.5000   0.5000
     1.480653                              2.500327    0.5000   0.5000
     1.525645                              2.493409    0.5000   0.5000
     1.570637                              2.472668    0.5000   0.5000
     1.615630                              2.438146    0.5000   0.5000
     1.660622                              2.389913    0.5000   0.5000
     1.705614                              2.328067    0.5000   0.5000
     1.750607                              2.252736    0.5000   0.5000
     1.795599                              2.164076    0.5000   0.5000
     1.840592                              2.062271    0.5000   0.5000
     1.885584                              1.947537    0.5000   0.5000
     1.930576                              1.820119    0.5000   0.5000
     1.975569                              1.680294    0.5000   0.5000
     2.020561                              1.528369    0.5000   0.5000
     2.065553                              1.364683    0.5000   0.5000
     2.110546                              1.189608    0.5000   0.5000
     2.155538                              1.003549    0.5000   0.5000
     2.200531                              0.806943    0.5000   0.5000
     2.245523                              0.600259    0.5000   0.5000
     2.290515                              0.384002    0.5000   0.5000
     2.335508                              0.158710    0.5109   0.4891
     2.335508                              0.158710    0.5000   0.5000
     2.425492                              0.640405    0.5000   0.5000
     2.515477                              1.164878    0.5000   0.5000
     2.605462                              1.728142    0.5000   0.5000
     2.695447                              2.325086    0.5000   0.5000
     2.785431                              2.949449    0.5000   0.5000
     2.875416                              3.593853    0.5000   0.5000
     2.965401                              4.249878    0.5000   0.5000
     3.055386                              4.908198    0.5000   0.5000
     3.145370                              5.558755    0.5000   0.5000
     3.235355                              6.190987    0.5000   0.5000
     3.325340                              6.794081    0.5000   0.5000
     3.415325                              7.357256    0.5000   0.5000
     3.505309                              7.870064    0.5000   0.5000
     3.595294                              8.322691    0.5000   0.5000
     3.685279                              8.706248    0.5000   0.5000
     3.775264                              9.013045    0.5000   0.5000
     3.865248                              9.236831    0.5000   0.5000
     3.955233                              9.372991    0.5000   0.5000
     4.045218                              9.418695    0.5000   0.5000
     4.045218                              9.418695    0.5000   0.5000
     4.056241                              9.418695    0.5000   0.5000
     4.067264                              9.418695    0.5000   0.5000
     4.078287                              9.418695    0.5000   0.5000
     4.089311                              9.418695    0.5000   0.5000
     4.100334                              9.418695    0.5000   0.5000
     4.111357                              9.418695    0.5000   0.5000
     4.122380                              9.418695    0.5000   0.5000
     4.133403                              9.418695    0.5000   0.5000
     4.144426                              9.418695    0.5000   0.5000
     4.155449                              9.418695    0.5000   0.5000
     4.166472                              9.418695    0.5000   0.5000
     4.177496                              9.418695    0.5000   0.5000
     4.188519                              9.418695    0.5000   0.5000
     4.199542                              9.418695    0.5000   0.5000
     4.210565                              9.418695    0.5000   0.5000
     4.221588                              9.418695    0.5000   0.5000
     4.232611                              9.418695    0.5000   0.5000
     4.243634                              9.418695    0.5000   0.5000
     4.254657                              9.418695    0.5000   0.5000
 
 
