#        k-dist (A^-1)        energy(eV) :       1 -th eigen
# wavefunction coeff.: <ci|sigma|ci>,sigma=sigma_0         1        2        3        4        5        6        7        8
     0.000000                            -19.383143    0.5000   0.0000   0.0000   0.0000   0.5000   0.0000   0.0000   0.0000
     0.077929                            -19.365400    0.4992   0.0006   0.0002   0.0000   0.4992   0.0006   0.0002   0.0000
     0.155858                            -19.312403    0.4968   0.0024   0.0008   0.0000   0.4968   0.0024   0.0008   0.0000
     0.233787                            -19.224810    0.4928   0.0054   0.0018   0.0000   0.4928   0.0054   0.0018   0.0000
     0.311716                            -19.103613    0.4873   0.0095   0.0032   0.0000   0.4873   0.0095   0.0032   0.0000
     0.389645                            -18.949979    0.4804   0.0147   0.0049   0.0000   0.4804   0.0147   0.0049   0.0000
     0.467574                            -18.765085    0.4720   0.0210   0.0070   0.0000   0.4720   0.0210   0.0070   0.0000
     0.545504                            -18.549938    0.4623   0.0282   0.0094   0.0000   0.4623   0.0282   0.0094   0.0000
     0.623433                            -18.305236    0.4516   0.0363   0.0121   0.0000   0.4516   0.0363   0.0121   0.0000
     0.701362                            -18.031290    0.4399   0.0451   0.0150   0.0000   0.4399   0.0451   0.0150   0.0000
     0.779291                            -17.728020    0.4276   0.0543   0.0181   0.0000   0.4276   0.0543   0.0181   0.0000
     0.857220                            -17.395029    0.4148   0.0639   0.0213   0.0000   0.4148   0.0639   0.0213   0.0000
     0.935149                            -17.031762    0.4018   0.0736   0.0245   0.0000   0.4018   0.0736   0.0245   0.0000
     1.013078                            -16.637726    0.3890   0.0832   0.0277   0.0000   0.3890   0.0832   0.0277   0.0000
     1.091007                            -16.212820    0.3769   0.0923   0.0308   0.0000   0.3769   0.0923   0.0308   0.0000
     1.168936                            -15.757856    0.3661   0.1004   0.0335   0.0000   0.3661   0.1004   0.0335   0.0000
     1.246865                            -15.275725    0.3581   0.1064   0.0355   0.0000   0.3581   0.1064   0.0355   0.0000
     1.324794                            -14.775156    0.3564   0.1077   0.0359   0.0000   0.3564   0.1077   0.0359   0.0000
     1.402723                            -14.289790    0.3715   0.0963   0.0321   0.0000   0.3715   0.0963   0.0321   0.0000
     1.480653                            -14.012572    0.4062   0.0703   0.0234   0.0000   0.4062   0.0703   0.0234   0.0000
     1.480653                            -14.012572    0.4062   0.0703   0.0234   0.0000   0.4062   0.0703   0.0234   0.0000
     1.525645                            -14.008703    0.4057   0.0705   0.0238   0.0000   0.4057   0.0705   0.0238   0.0000
     1.570637                            -13.997052    0.4042   0.0709   0.0249   0.0000   0.4042   0.0709   0.0249   0.0000
     1.615630                            -13.977484    0.4016   0.0717   0.0267   0.0000   0.4016   0.0717   0.0267   0.0000
     1.660622                            -13.949786    0.3981   0.0728   0.0291   0.0000   0.3981   0.0728   0.0291   0.0000
     1.705614                            -13.913674    0.3938   0.0741   0.0321   0.0000   0.3938   0.0741   0.0321   0.0000
     1.750607                            -13.868813    0.3886   0.0757   0.0357   0.0000   0.3886   0.0757   0.0357   0.0000
     1.795599                            -13.814833    0.3827   0.0775   0.0398   0.0000   0.3827   0.0775   0.0398   0.0000
     1.840592                            -13.751346    0.3762   0.0794   0.0444   0.0000   0.3762   0.0794   0.0444   0.0000
     1.885584                            -13.677968    0.3691   0.0816   0.0493   0.0000   0.3691   0.0816   0.0493   0.0000
     1.930576                            -13.594336    0.3617   0.0839   0.0545   0.0000   0.3617   0.0839   0.0545   0.0000
     1.975569                            -13.500124    0.3539   0.0863   0.0599   0.0000   0.3539   0.0863   0.0599   0.0000
     2.020561                            -13.395055    0.3458   0.0887   0.0655   0.0000   0.3458   0.0887   0.0655   0.0000
     2.065553                            -13.278915    0.3376   0.0912   0.0712   0.0000   0.3376   0.0912   0.0712   0.0000
     2.110546                            -13.151559    0.3292   0.0937   0.0770   0.0000   0.3292   0.0937   0.0770   0.0000
     2.155538                            -13.012915    0.3209   0.0963   0.0829   0.0000   0.3209   0.0963   0.0829   0.0000
     2.200531                            -12.862991    0.3125   0.0988   0.0887   0.0000   0.3125   0.0988   0.0887   0.0000
     2.245523                            -12.701871    0.3043   0.1012   0.0945   0.0000   0.3043   0.1012   0.0945   0.0000
     2.290515                            -12.529716    0.2962   0.1036   0.1002   0.0000   0.2962   0.1036   0.1002   0.0000
     2.335508                            -12.346760    0.0000   0.2118   0.2118   0.0000   0.5763   0.0000   0.0000   0.0000
     2.335508                            -12.346760    0.0000   0.2118   0.2118   0.0000   0.5763   0.0000   0.0000   0.0000
     2.425492                            -12.840368    0.2931   0.0719   0.1350   0.0000   0.2931   0.0719   0.1350   0.0000
     2.515477                            -13.450045    0.2968   0.0595   0.1436   0.0000   0.2968   0.0595   0.1436   0.0000
     2.605462                            -14.079163    0.3064   0.0529   0.1407   0.0000   0.3064   0.0529   0.1407   0.0000
     2.695447                            -14.692017    0.3199   0.0477   0.1324   0.0000   0.3199   0.0477   0.1324   0.0000
     2.785431                            -15.274337    0.3356   0.0428   0.1216   0.0000   0.3356   0.0428   0.1216   0.0000
     2.875416                            -15.820079    0.3524   0.0381   0.1095   0.0000   0.3524   0.0381   0.1095   0.0000
     2.965401                            -16.326984    0.3697   0.0334   0.0968   0.0000   0.3697   0.0334   0.0968   0.0000
     3.055386                            -16.794720    0.3871   0.0289   0.0841   0.0000   0.3871   0.0289   0.0841   0.0000
     3.145370                            -17.223883    0.4041   0.0244   0.0715   0.0000   0.4041   0.0244   0.0715   0.0000
     3.235355                            -17.615352    0.4205   0.0202   0.0593   0.0000   0.4205   0.0202   0.0593   0.0000
     3.325340                            -17.969832    0.4359   0.0163   0.0479   0.0000   0.4359   0.0163   0.0479   0.0000
     3.415325                            -18.287540    0.4501   0.0126   0.0373   0.0000   0.4501   0.0126   0.0373   0.0000
     3.505309                            -18.568044    0.4628   0.0094   0.0278   0.0000   0.4628   0.0094   0.0278   0.0000
     3.595294                            -18.810238    0.4739   0.0066   0.0195   0.0000   0.4739   0.0066   0.0195   0.0000
     3.685279                            -19.012455    0.4832   0.0042   0.0126   0.0000   0.4832   0.0042   0.0126   0.0000
     3.775264                            -19.172702    0.4905   0.0024   0.0071   0.0000   0.4905   0.0024   0.0071   0.0000
     3.865248                            -19.288959    0.4957   0.0011   0.0032   0.0000   0.4957   0.0011   0.0032   0.0000
     3.955233                            -19.359494    0.4989   0.0003   0.0008   0.0000   0.4989   0.0003   0.0008   0.0000
     4.045218                            -19.383143    0.5000   0.0000   0.0000   0.0000   0.5000   0.0000   0.0000   0.0000
     4.045218                            -19.383143    0.5000   0.0000   0.0000   0.0000   0.5000   0.0000   0.0000   0.0000
     4.056241                            -19.383143    0.5000   0.0000   0.0000   0.0000   0.5000   0.0000   0.0000   0.0000
     4.067264                            -19.383143    0.5000   0.0000   0.0000   0.0000   0.5000   0.0000   0.0000   0.0000
     4.078287                            -19.383143    0.5000   0.0000   0.0000   0.0000   0.5000   0.0000   0.0000   0.0000
     4.089311                            -19.383143    0.5000   0.0000   0.0000   0.0000   0.5000   0.0000   0.0000   0.0000
     4.100334                            -19.383143    0.5000   0.0000   0.0000   0.0000   0.5000   0.0000   0.0000   0.0000
     4.111357                            -19.383143    0.5000   0.0000   0.0000   0.0000   0.5000   0.0000   0.0000   0.0000
     4.122380                            -19.383143    0.5000   0.0000   0.0000   0.0000   0.5000   0.0000   0.0000   0.0000
     4.133403                            -19.383143    0.5000   0.0000   0.0000   0.0000   0.5000   0.0000   0.0000   0.0000
     4.144426                            -19.383143    0.5000   0.0000   0.0000   0.0000   0.5000   0.0000   0.0000   0.0000
     4.155449                            -19.383143    0.5000   0.0000   0.0000   0.0000   0.5000   0.0000   0.0000   0.0000
     4.166472                            -19.383143    0.5000   0.0000   0.0000   0.0000   0.5000   0.0000   0.0000   0.0000
     4.177496                            -19.383143    0.5000   0.0000   0.0000   0.0000   0.5000   0.0000   0.0000   0.0000
     4.188519                            -19.383143    0.5000   0.0000   0.0000   0.0000   0.5000   0.0000   0.0000   0.0000
     4.199542                            -19.383143    0.5000   0.0000   0.0000   0.0000   0.5000   0.0000   0.0000   0.0000
     4.210565                            -19.383143    0.5000   0.0000   0.0000   0.0000   0.5000   0.0000   0.0000   0.0000
     4.221588                            -19.383143    0.5000   0.0000   0.0000   0.0000   0.5000   0.0000   0.0000   0.0000
     4.232611                            -19.383143    0.5000   0.0000   0.0000   0.0000   0.5000   0.0000   0.0000   0.0000
     4.243634                            -19.383143    0.5000   0.0000   0.0000   0.0000   0.5000   0.0000   0.0000   0.0000
     4.254657                            -19.383143    0.5000   0.0000   0.0000   0.0000   0.5000   0.0000   0.0000   0.0000
 
 
#        k-dist (A^-1)        energy(eV) :       2 -th eigen
# wavefunction coeff.: <ci|sigma|ci>,sigma=sigma_0         1        2        3        4        5        6        7        8
     0.000000                             -7.631101    0.0000   0.0000   0.0000   0.5000   0.0000   0.0000   0.0000   0.5000
     0.077929                             -7.605719    0.0000   0.0000   0.0000   0.5000   0.0000   0.0000   0.0000   0.5000
     0.155858                             -7.529869    0.0000   0.0000   0.0000   0.5000   0.0000   0.0000   0.0000   0.5000
     0.233787                             -7.404424    0.0000   0.0000   0.0000   0.5000   0.0000   0.0000   0.0000   0.5000
     0.311716                             -7.230827    0.0000   0.0000   0.0000   0.5000   0.0000   0.0000   0.0000   0.5000
     0.389645                             -7.011053    0.0000   0.0000   0.0000   0.5000   0.0000   0.0000   0.0000   0.5000
     0.467574                             -6.747585    0.0000   0.0000   0.0000   0.5000   0.0000   0.0000   0.0000   0.5000
     0.545504                             -6.443382    0.0000   0.0000   0.0000   0.5000   0.0000   0.0000   0.0000   0.5000
     0.623433                             -6.154212    0.1373   0.2720   0.0907   0.0000   0.1373   0.2720   0.0907   0.0000
     0.701362                             -6.800875    0.1492   0.2631   0.0877   0.0000   0.1492   0.2631   0.0877   0.0000
     0.779291                             -7.464355    0.1602   0.2548   0.0849   0.0000   0.1602   0.2548   0.0849   0.0000
     0.857220                             -8.140851    0.1705   0.2471   0.0824   0.0000   0.1705   0.2471   0.0824   0.0000
     0.935149                             -8.826020    0.1804   0.2397   0.0799   0.0000   0.1804   0.2397   0.0799   0.0000
     1.013078                             -9.514879    0.1899   0.2326   0.0775   0.0000   0.1899   0.2326   0.0775   0.0000
     1.091007                            -10.201786    0.1989   0.2258   0.0753   0.0000   0.1989   0.2258   0.0753   0.0000
     1.168936                            -10.880283    0.2068   0.2199   0.0733   0.0000   0.2068   0.2199   0.0733   0.0000
     1.246865                            -11.542300    0.2124   0.2157   0.0719   0.0000   0.2124   0.2157   0.0719   0.0000
     1.324794                            -12.174722    0.2124   0.2157   0.0719   0.0000   0.2124   0.2157   0.0719   0.0000
     1.402723                            -12.740585    0.1962   0.2279   0.0760   0.0000   0.1962   0.2279   0.0760   0.0000
     1.480653                            -13.044869    0.1611   0.2542   0.0847   0.0000   0.1611   0.2542   0.0847   0.0000
     1.480653                            -13.044869    0.1611   0.2542   0.0847   0.0000   0.1611   0.2542   0.0847   0.0000
     1.525645                            -13.040717    0.1611   0.2541   0.0847   0.0000   0.1611   0.2541   0.0847   0.0000
     1.570637                            -13.028259    0.1612   0.2541   0.0847   0.0000   0.1612   0.2541   0.0847   0.0000
     1.615630                            -13.007493    0.1613   0.2540   0.0848   0.0000   0.1613   0.2540   0.0848   0.0000
     1.660622                            -12.978422    0.1614   0.2538   0.0848   0.0000   0.1614   0.2538   0.0848   0.0000
     1.705614                            -12.941062    0.1617   0.2535   0.0848   0.0000   0.1617   0.2535   0.0848   0.0000
     1.750607                            -12.895456    0.1621   0.2531   0.0848   0.0000   0.1621   0.2531   0.0848   0.0000
     1.795599                            -12.841700    0.1628   0.2525   0.0847   0.0000   0.1628   0.2525   0.0847   0.0000
     1.840592                            -12.779970    0.1638   0.2517   0.0845   0.0000   0.1638   0.2517   0.0845   0.0000
     1.885584                            -12.710578    0.1654   0.2506   0.0841   0.0000   0.1654   0.2506   0.0841   0.0000
     1.930576                            -12.634054    0.1676   0.2489   0.0834   0.0000   0.1676   0.2489   0.0834   0.0000
     1.975569                            -12.551281    0.1709   0.2466   0.0825   0.0000   0.1709   0.2466   0.0825   0.0000
     2.020561                            -12.463728    0.1757   0.2431   0.0812   0.0000   0.1757   0.2431   0.0812   0.0000
     2.065553                            -12.373870    0.1826   0.2380   0.0793   0.0000   0.1826   0.2380   0.0793   0.0000
     2.110546                            -12.285974    0.1927   0.2302   0.0771   0.0000   0.1927   0.2302   0.0771   0.0000
     2.155538                            -12.207542    0.2072   0.2181   0.0747   0.0000   0.2072   0.2181   0.0747   0.0000
     2.200531                            -12.151784    0.2272   0.1992   0.0735   0.0000   0.2272   0.1992   0.0735   0.0000
     2.245523                            -12.140293    0.2518   0.1715   0.0767   0.0000   0.2518   0.1715   0.0767   0.0000
     2.290515                            -12.200127    0.2748   0.1373   0.0880   0.0000   0.2748   0.1373   0.0880   0.0000
     2.335508                            -12.346760    0.5763   0.0000   0.0000   0.0000   0.0000   0.2118   0.2118   0.0000
     2.335508                            -12.346760    0.5763   0.0000   0.0000   0.0000   0.0000   0.2118   0.2118   0.0000
     2.425492                            -11.949714    0.2727   0.1102   0.1170   0.0000   0.2727   0.1102   0.1170   0.0000
     2.515477                            -11.513848    0.2582   0.1141   0.1277   0.0000   0.2582   0.1141   0.1277   0.0000
     2.605462                            -11.043035    0.2445   0.1174   0.1381   0.0000   0.2445   0.1174   0.1381   0.0000
     2.695447                            -10.541635    0.2316   0.1201   0.1482   0.0000   0.2316   0.1201   0.1482   0.0000
     2.785431                            -10.014223    0.2196   0.1222   0.1582   0.0000   0.2196   0.1222   0.1582   0.0000
     2.875416                             -9.465302    0.2083   0.1236   0.1681   0.0000   0.2083   0.1236   0.1681   0.0000
     2.965401                             -8.899049    0.1974   0.1245   0.1782   0.0000   0.1974   0.1245   0.1782   0.0000
     3.055386                             -8.319094    0.1867   0.1247   0.1886   0.0000   0.1867   0.1247   0.1886   0.0000
     3.145370                             -7.728374    0.1760   0.1245   0.1995   0.0000   0.1760   0.1245   0.1995   0.0000
     3.235355                             -7.129131    0.1648   0.1239   0.2114   0.0000   0.1648   0.1239   0.2114   0.0000
     3.325340                             -6.523125    0.1527   0.1230   0.2243   0.0000   0.1527   0.1230   0.2243   0.0000
     3.415325                             -6.072422    0.0000   0.0000   0.0000   0.5000   0.0000   0.0000   0.0000   0.5000
     3.505309                             -6.466752    0.0000   0.0000   0.0000   0.5000   0.0000   0.0000   0.0000   0.5000
     3.595294                             -6.811041    0.0000   0.0000   0.0000   0.5000   0.0000   0.0000   0.0000   0.5000
     3.685279                             -7.100159    0.0000   0.0000   0.0000   0.5000   0.0000   0.0000   0.0000   0.5000
     3.775264                             -7.329744    0.0000   0.0000   0.0000   0.5000   0.0000   0.0000   0.0000   0.5000
     3.865248                             -7.496299    0.0000   0.0000   0.0000   0.5000   0.0000   0.0000   0.0000   0.5000
     3.955233                             -7.597270    0.0000   0.0000   0.0000   0.5000   0.0000   0.0000   0.0000   0.5000
     4.045218                             -7.631101    0.0000   0.0000   0.0000   0.5000   0.0000   0.0000   0.0000   0.5000
     4.045218                             -7.631101    0.0000   0.0000   0.0000   0.5000   0.0000   0.0000   0.0000   0.5000
     4.056241                             -7.631101    0.0000   0.0000   0.0000   0.5000   0.0000   0.0000   0.0000   0.5000
     4.067264                             -7.631101    0.0000   0.0000   0.0000   0.5000   0.0000   0.0000   0.0000   0.5000
     4.078287                             -7.631101    0.0000   0.0000   0.0000   0.5000   0.0000   0.0000   0.0000   0.5000
     4.089311                             -7.631101    0.0000   0.0000   0.0000   0.5000   0.0000   0.0000   0.0000   0.5000
     4.100334                             -7.631101    0.0000   0.0000   0.0000   0.5000   0.0000   0.0000   0.0000   0.5000
     4.111357                             -7.631101    0.0000   0.0000   0.0000   0.5000   0.0000   0.0000   0.0000   0.5000
     4.122380                             -7.631101    0.0000   0.0000   0.0000   0.5000   0.0000   0.0000   0.0000   0.5000
     4.133403                             -7.631101    0.0000   0.0000   0.0000   0.5000   0.0000   0.0000   0.0000   0.5000
     4.144426                             -7.631101    0.0000   0.0000   0.0000   0.5000   0.0000   0.0000   0.0000   0.5000
     4.155449                             -7.631101    0.0000   0.0000   0.0000   0.5000   0.0000   0.0000   0.0000   0.5000
     4.166472                             -7.631101    0.0000   0.0000   0.0000   0.5000   0.0000   0.0000   0.0000   0.5000
     4.177496                             -7.631101    0.0000   0.0000   0.0000   0.5000   0.0000   0.0000   0.0000   0.5000
     4.188519                             -7.631101    0.0000   0.0000   0.0000   0.5000   0.0000   0.0000   0.0000   0.5000
     4.199542                             -7.631101    0.0000   0.0000   0.0000   0.5000   0.0000   0.0000   0.0000   0.5000
     4.210565                             -7.631101    0.0000   0.0000   0.0000   0.5000   0.0000   0.0000   0.0000   0.5000
     4.221588                             -7.631101    0.0000   0.0000   0.0000   0.5000   0.0000   0.0000   0.0000   0.5000
     4.232611                             -7.631101    0.0000   0.0000   0.0000   0.5000   0.0000   0.0000   0.0000   0.5000
     4.243634                             -7.631101    0.0000   0.0000   0.0000   0.5000   0.0000   0.0000   0.0000   0.5000
     4.254657                             -7.631101    0.0000   0.0000   0.0000   0.5000   0.0000   0.0000   0.0000   0.5000
 
 
#        k-dist (A^-1)        energy(eV) :       3 -th eigen
# wavefunction coeff.: <ci|sigma|ci>,sigma=sigma_0         1        2        3        4        5        6        7        8
     0.000000                             -2.633096    0.0000   0.3916   0.1084   0.0000   0.0000   0.3916   0.1084   0.0000
     0.077929                             -2.723083    0.0070   0.3698   0.1233   0.0000   0.0070   0.3698   0.1233   0.0000
     0.155858                             -2.976920    0.0248   0.3564   0.1188   0.0000   0.0248   0.3564   0.1188   0.0000
     0.233787                             -3.357530    0.0475   0.3394   0.1131   0.0000   0.0475   0.3394   0.1131   0.0000
     0.311716                             -3.826697    0.0702   0.3223   0.1074   0.0000   0.0702   0.3223   0.1074   0.0000
     0.389645                             -4.355731    0.0907   0.3069   0.1023   0.0000   0.0907   0.3069   0.1023   0.0000
     0.467574                             -4.926390    0.1086   0.2936   0.0979   0.0000   0.1086   0.2936   0.0979   0.0000
     0.545504                             -5.527979    0.1239   0.2821   0.0940   0.0000   0.1239   0.2821   0.0940   0.0000
     0.623433                             -6.101861    0.0000   0.0000   0.0000   0.5000   0.0000   0.0000   0.0000   0.5000
     0.701362                             -5.726904    0.0000   0.0000   0.0000   0.5000   0.0000   0.0000   0.0000   0.5000
     0.779291                             -5.322917    0.0000   0.0000   0.0000   0.5000   0.0000   0.0000   0.0000   0.5000
     0.857220                             -5.130539    0.0000   0.1250   0.3750   0.0000   0.0000   0.1250   0.3750   0.0000
     0.935149                             -5.384315    0.0000   0.1250   0.3750   0.0000   0.0000   0.1250   0.3750   0.0000
     1.013078                             -5.614140    0.0000   0.1250   0.3750   0.0000   0.0000   0.1250   0.3750   0.0000
     1.091007                             -5.815899    0.0000   0.1250   0.3750   0.0000   0.0000   0.1250   0.3750   0.0000
     1.168936                             -5.986028    0.0000   0.1250   0.3750   0.0000   0.0000   0.1250   0.3750   0.0000
     1.246865                             -6.121541    0.0000   0.1250   0.3750   0.0000   0.0000   0.1250   0.3750   0.0000
     1.324794                             -6.220066    0.0000   0.1250   0.3750   0.0000   0.0000   0.1250   0.3750   0.0000
     1.402723                             -6.279880    0.0000   0.1250   0.3750   0.0000   0.0000   0.1250   0.3750   0.0000
     1.480653                             -6.299935    0.0000   0.1250   0.3750   0.0000   0.0000   0.1250   0.3750   0.0000
     1.480653                             -6.299935    0.0000   0.1250   0.3750   0.0000   0.0000   0.1250   0.3750   0.0000
     1.525645                             -6.321904    0.0007   0.1249   0.3744   0.0000   0.0007   0.1249   0.3744   0.0000
     1.570637                             -6.387376    0.0027   0.1246   0.3727   0.0000   0.0027   0.1246   0.3727   0.0000
     1.615630                             -6.495061    0.0059   0.1242   0.3699   0.0000   0.0059   0.1242   0.3699   0.0000
     1.660622                             -6.642894    0.0102   0.1236   0.3662   0.0000   0.0102   0.1236   0.3662   0.0000
     1.705614                             -6.828145    0.0154   0.1229   0.3617   0.0000   0.0154   0.1229   0.3617   0.0000
     1.750607                             -7.047544    0.0212   0.1222   0.3565   0.0000   0.0212   0.1222   0.3565   0.0000
     1.795599                             -7.297416    0.0275   0.1216   0.3509   0.0000   0.0275   0.1216   0.3509   0.0000
     1.840592                             -7.573785    0.0340   0.1211   0.3449   0.0000   0.0340   0.1211   0.3449   0.0000
     1.885584                             -7.872459    0.0404   0.1208   0.3388   0.0000   0.0404   0.1208   0.3388   0.0000
     1.930576                             -8.189049    0.0463   0.1210   0.3328   0.0000   0.0463   0.1210   0.3328   0.0000
     1.975569                             -8.518924    0.0513   0.1218   0.3269   0.0000   0.0513   0.1218   0.3269   0.0000
     2.020561                             -8.857039    0.0549   0.1237   0.3214   0.0000   0.0549   0.1237   0.3214   0.0000
     2.065553                             -9.197563    0.0564   0.1272   0.3164   0.0000   0.0564   0.1272   0.3164   0.0000
     2.110546                             -9.533127    0.0547   0.1334   0.3118   0.0000   0.0547   0.1334   0.3118   0.0000
     2.155538                             -9.853394    0.0486   0.1440   0.3075   0.0000   0.0486   0.1440   0.3075   0.0000
     2.200531                            -10.142607    0.0368   0.1613   0.3019   0.0000   0.0368   0.1613   0.3019   0.0000
     2.245523                            -10.376913    0.0203   0.1875   0.2922   0.0000   0.0203   0.1875   0.2922   0.0000
     2.290515                            -10.527279    0.0054   0.2202   0.2744   0.0000   0.0054   0.2202   0.2744   0.0000
     2.335508                            -10.576549    0.0000   0.2500   0.2500   0.0000   0.0000   0.2500   0.2500   0.0000
     2.335508                            -10.576549    0.0000   0.2500   0.2500   0.0000   0.0000   0.2500   0.2500   0.0000
     2.425492                            -10.426501    0.0107   0.2811   0.2082   0.0000   0.0107   0.2811   0.2082   0.0000
     2.515477                            -10.089832    0.0222   0.2906   0.1872   0.0000   0.0222   0.2906   0.1872   0.0000
     2.605462                             -9.659239    0.0276   0.2945   0.1778   0.0000   0.0276   0.2945   0.1778   0.0000
     2.695447                             -9.170211    0.0289   0.2973   0.1738   0.0000   0.0289   0.2973   0.1738   0.0000
     2.785431                             -8.640072    0.0278   0.2999   0.1723   0.0000   0.0278   0.2999   0.1723   0.0000
     2.875416                             -8.080682    0.0254   0.3028   0.1719   0.0000   0.0254   0.3028   0.1719   0.0000
     2.965401                             -7.502297    0.0222   0.3060   0.1718   0.0000   0.0222   0.3060   0.1718   0.0000
     3.055386                             -6.914798    0.0187   0.3096   0.1717   0.0000   0.0187   0.3096   0.1717   0.0000
     3.145370                             -6.328046    0.0152   0.3137   0.1710   0.0000   0.0152   0.3137   0.1710   0.0000
     3.235355                             -5.751902    0.0119   0.3185   0.1697   0.0000   0.0119   0.3185   0.1697   0.0000
     3.325340                             -5.633847    0.0000   0.0000   0.0000   0.5000   0.0000   0.0000   0.0000   0.5000
     3.415325                             -5.912198    0.1392   0.1221   0.2387   0.0000   0.1392   0.1221   0.2387   0.0000
     3.505309                             -5.299388    0.1235   0.1214   0.2551   0.0000   0.1235   0.1214   0.2551   0.0000
     3.595294                             -4.690882    0.1051   0.1210   0.2739   0.0000   0.1051   0.1210   0.2739   0.0000
     3.685279                             -4.099225    0.0833   0.1212   0.2955   0.0000   0.0833   0.1212   0.2955   0.0000
     3.775264                             -3.548217    0.0582   0.1220   0.3199   0.0000   0.0582   0.1220   0.3199   0.0000
     3.865248                             -3.078953    0.0316   0.1232   0.3452   0.0000   0.0316   0.1232   0.3452   0.0000
     3.955233                             -2.752151    0.0092   0.1245   0.3664   0.0000   0.0092   0.1245   0.3664   0.0000
     4.045218                             -2.633096    0.0000   0.3916   0.1084   0.0000   0.0000   0.3916   0.1084   0.0000
     4.045218                             -2.633096    0.0000   0.3916   0.1084   0.0000   0.0000   0.3916   0.1084   0.0000
     4.056241                             -2.633096    0.0000   0.3916   0.1084   0.0000   0.0000   0.3916   0.1084   0.0000
     4.067264                             -2.633096    0.0000   0.3916   0.1084   0.0000   0.0000   0.3916   0.1084   0.0000
     4.078287                             -2.633096    0.0000   0.3916   0.1084   0.0000   0.0000   0.3916   0.1084   0.0000
     4.089311                             -2.633096    0.0000   0.3916   0.1084   0.0000   0.0000   0.3916   0.1084   0.0000
     4.100334                             -2.633096    0.0000   0.3916   0.1084   0.0000   0.0000   0.3916   0.1084   0.0000
     4.111357                             -2.633096    0.0000   0.3916   0.1084   0.0000   0.0000   0.3916   0.1084   0.0000
     4.122380                             -2.633096    0.0000   0.3916   0.1084   0.0000   0.0000   0.3916   0.1084   0.0000
     4.133403                             -2.633096    0.0000   0.3916   0.1084   0.0000   0.0000   0.3916   0.1084   0.0000
     4.144426                             -2.633096    0.0000   0.3916   0.1084   0.0000   0.0000   0.3916   0.1084   0.0000
     4.155449                             -2.633096    0.0000   0.3916   0.1084   0.0000   0.0000   0.3916   0.1084   0.0000
     4.166472                             -2.633096    0.0000   0.3916   0.1084   0.0000   0.0000   0.3916   0.1084   0.0000
     4.177496                             -2.633096    0.0000   0.3916   0.1084   0.0000   0.0000   0.3916   0.1084   0.0000
     4.188519                             -2.633096    0.0000   0.3916   0.1084   0.0000   0.0000   0.3916   0.1084   0.0000
     4.199542                             -2.633096    0.0000   0.3916   0.1084   0.0000   0.0000   0.3916   0.1084   0.0000
     4.210565                             -2.633096    0.0000   0.3916   0.1084   0.0000   0.0000   0.3916   0.1084   0.0000
     4.221588                             -2.633096    0.0000   0.3916   0.1084   0.0000   0.0000   0.3916   0.1084   0.0000
     4.232611                             -2.633096    0.0000   0.3916   0.1084   0.0000   0.0000   0.3916   0.1084   0.0000
     4.243634                             -2.633096    0.0000   0.3916   0.1084   0.0000   0.0000   0.3916   0.1084   0.0000
     4.254657                             -2.633096    0.0000   0.3916   0.1084   0.0000   0.0000   0.3916   0.1084   0.0000
 
 
#        k-dist (A^-1)        energy(eV) :       4 -th eigen
# wavefunction coeff.: <ci|sigma|ci>,sigma=sigma_0         1        2        3        4        5        6        7        8
     0.000000                             -2.633096    0.0000   0.1084   0.3916   0.0000   0.0000   0.1084   0.3916   0.0000
     0.077929                             -2.669604    0.0000   0.1250   0.3750   0.0000   0.0000   0.1250   0.3750   0.0000
     0.155858                             -2.775763    0.0000   0.1250   0.3750   0.0000   0.0000   0.1250   0.3750   0.0000
     0.233787                             -2.942622    0.0000   0.1250   0.3750   0.0000   0.0000   0.1250   0.3750   0.0000
     0.311716                             -3.158236    0.0000   0.1250   0.3750   0.0000   0.0000   0.1250   0.3750   0.0000
     0.389645                             -3.410119    0.0000   0.1250   0.3750   0.0000   0.0000   0.1250   0.3750   0.0000
     0.467574                             -3.686709    0.0000   0.1250   0.3750   0.0000   0.0000   0.1250   0.3750   0.0000
     0.545504                             -3.977882    0.0000   0.1250   0.3750   0.0000   0.0000   0.1250   0.3750   0.0000
     0.623433                             -4.274927    0.0000   0.1250   0.3750   0.0000   0.0000   0.1250   0.3750   0.0000
     0.701362                             -4.570318    0.0000   0.1250   0.3750   0.0000   0.0000   0.1250   0.3750   0.0000
     0.779291                             -4.857469    0.0000   0.1250   0.3750   0.0000   0.0000   0.1250   0.3750   0.0000
     0.857220                             -4.894975    0.0000   0.0000   0.0000   0.5000   0.0000   0.0000   0.0000   0.5000
     0.935149                             -4.449106    0.0000   0.0000   0.0000   0.5000   0.0000   0.0000   0.0000   0.5000
     1.013078                             -3.992827    0.0000   0.0000   0.0000   0.5000   0.0000   0.0000   0.0000   0.5000
     1.091007                             -3.536100    0.0000   0.0000   0.0000   0.5000   0.0000   0.0000   0.0000   0.5000
     1.168936                             -3.092983    0.0000   0.0000   0.0000   0.5000   0.0000   0.0000   0.0000   0.5000
     1.246865                             -2.684273    0.0000   0.0000   0.0000   0.5000   0.0000   0.0000   0.0000   0.5000
     1.324794                             -2.340877    0.0000   0.0000   0.0000   0.5000   0.0000   0.0000   0.0000   0.5000
     1.402723                             -2.104844    0.0000   0.0000   0.0000   0.5000   0.0000   0.0000   0.0000   0.5000
     1.480653                             -2.019555    0.0000   0.0000   0.0000   0.5000   0.0000   0.0000   0.0000   0.5000
     1.480653                             -2.019555    0.0000   0.0000   0.0000   0.5000   0.0000   0.0000   0.0000   0.5000
     1.525645                             -2.013628    0.0000   0.0000   0.0000   0.5000   0.0000   0.0000   0.0000   0.5000
     1.570637                             -1.995837    0.0000   0.0000   0.0000   0.5000   0.0000   0.0000   0.0000   0.5000
     1.615630                             -1.966164    0.0000   0.0000   0.0000   0.5000   0.0000   0.0000   0.0000   0.5000
     1.660622                             -1.924573    0.0000   0.0000   0.0000   0.5000   0.0000   0.0000   0.0000   0.5000
     1.705614                             -1.871019    0.0000   0.0000   0.0000   0.5000   0.0000   0.0000   0.0000   0.5000
     1.750607                             -1.805449    0.0000   0.0000   0.0000   0.5000   0.0000   0.0000   0.0000   0.5000
     1.795599                             -1.727803    0.0000   0.0000   0.0000   0.5000   0.0000   0.0000   0.0000   0.5000
     1.840592                             -1.638016    0.0000   0.0000   0.0000   0.5000   0.0000   0.0000   0.0000   0.5000
     1.885584                             -1.536026    0.0000   0.0000   0.0000   0.5000   0.0000   0.0000   0.0000   0.5000
     1.930576                             -1.421776    0.0000   0.0000   0.0000   0.5000   0.0000   0.0000   0.0000   0.5000
     1.975569                             -1.295220    0.0000   0.0000   0.0000   0.5000   0.0000   0.0000   0.0000   0.5000
     2.020561                             -1.156323    0.0000   0.0000   0.0000   0.5000   0.0000   0.0000   0.0000   0.5000
     2.065553                             -1.005073    0.0000   0.0000   0.0000   0.5000   0.0000   0.0000   0.0000   0.5000
     2.110546                             -0.841482    0.0000   0.0000   0.0000   0.5000   0.0000   0.0000   0.0000   0.5000
     2.155538                             -0.665594    0.0000   0.0000   0.0000   0.5000   0.0000   0.0000   0.0000   0.5000
     2.200531                             -0.477487    0.0000   0.0000   0.0000   0.5000   0.0000   0.0000   0.0000   0.5000
     2.245523                             -0.277281    0.0000   0.0000   0.0000   0.5000   0.0000   0.0000   0.0000   0.5000
     2.290515                             -0.065143    0.0000   0.0000   0.0000   0.5000   0.0000   0.0000   0.0000   0.5000
     2.335508                              0.158710    0.0000   0.0000   0.0000   0.4891   0.0000   0.0000   0.0000   0.5109
     2.335508                              0.158710    0.0000   0.0000   0.0000   0.5463   0.0000   0.0000   0.0000   0.4537
     2.425492                             -0.316671    0.0000   0.0000   0.0000   0.5000   0.0000   0.0000   0.0000   0.5000
     2.515477                             -0.820932    0.0000   0.0000   0.0000   0.5000   0.0000   0.0000   0.0000   0.5000
     2.605462                             -1.348621    0.0000   0.0000   0.0000   0.5000   0.0000   0.0000   0.0000   0.5000
     2.695447                             -1.893816    0.0000   0.0000   0.0000   0.5000   0.0000   0.0000   0.0000   0.5000
     2.785431                             -2.450177    0.0000   0.0000   0.0000   0.5000   0.0000   0.0000   0.0000   0.5000
     2.875416                             -3.011005    0.0000   0.0000   0.0000   0.5000   0.0000   0.0000   0.0000   0.5000
     2.965401                             -3.569327    0.0000   0.0000   0.0000   0.5000   0.0000   0.0000   0.0000   0.5000
     3.055386                             -4.117980    0.0000   0.0000   0.0000   0.5000   0.0000   0.0000   0.0000   0.5000
     3.145370                             -4.649727    0.0000   0.0000   0.0000   0.5000   0.0000   0.0000   0.0000   0.5000
     3.235355                             -5.157364    0.0000   0.0000   0.0000   0.5000   0.0000   0.0000   0.0000   0.5000
     3.325340                             -5.196150    0.0088   0.3239   0.1673   0.0000   0.0088   0.3239   0.1673   0.0000
     3.415325                             -4.670417    0.0061   0.3301   0.1638   0.0000   0.0061   0.3301   0.1638   0.0000
     3.505309                             -4.184176    0.0039   0.3371   0.1590   0.0000   0.0039   0.3371   0.1590   0.0000
     3.595294                             -3.746855    0.0022   0.3448   0.1530   0.0000   0.0022   0.3448   0.1530   0.0000
     3.685279                             -3.368039    0.0011   0.3530   0.1460   0.0000   0.0011   0.3530   0.1460   0.0000
     3.775264                             -3.057649    0.0004   0.3610   0.1386   0.0000   0.0004   0.3610   0.1386   0.0000
     3.865248                             -2.825799    0.0001   0.3682   0.1317   0.0000   0.0001   0.3682   0.1317   0.0000
     3.955233                             -2.681934    0.0000   0.3732   0.1268   0.0000   0.0000   0.3732   0.1268   0.0000
     4.045218                             -2.633096    0.0000   0.1084   0.3916   0.0000   0.0000   0.1084   0.3916   0.0000
     4.045218                             -2.633096    0.0000   0.1084   0.3916   0.0000   0.0000   0.1084   0.3916   0.0000
     4.056241                             -2.633096    0.0000   0.1084   0.3916   0.0000   0.0000   0.1084   0.3916   0.0000
     4.067264                             -2.633096    0.0000   0.1084   0.3916   0.0000   0.0000   0.1084   0.3916   0.0000
     4.078287                             -2.633096    0.0000   0.1084   0.3916   0.0000   0.0000   0.1084   0.3916   0.0000
     4.089311                             -2.633096    0.0000   0.1084   0.3916   0.0000   0.0000   0.1084   0.3916   0.0000
     4.100334                             -2.633096    0.0000   0.1084   0.3916   0.0000   0.0000   0.1084   0.3916   0.0000
     4.111357                             -2.633096    0.0000   0.1084   0.3916   0.0000   0.0000   0.1084   0.3916   0.0000
     4.122380                             -2.633096    0.0000   0.1084   0.3916   0.0000   0.0000   0.1084   0.3916   0.0000
     4.133403                             -2.633096    0.0000   0.1084   0.3916   0.0000   0.0000   0.1084   0.3916   0.0000
     4.144426                             -2.633096    0.0000   0.1084   0.3916   0.0000   0.0000   0.1084   0.3916   0.0000
     4.155449                             -2.633096    0.0000   0.1084   0.3916   0.0000   0.0000   0.1084   0.3916   0.0000
     4.166472                             -2.633096    0.0000   0.1084   0.3916   0.0000   0.0000   0.1084   0.3916   0.0000
     4.177496                             -2.633096    0.0000   0.1084   0.3916   0.0000   0.0000   0.1084   0.3916   0.0000
     4.188519                             -2.633096    0.0000   0.1084   0.3916   0.0000   0.0000   0.1084   0.3916   0.0000
     4.199542                             -2.633096    0.0000   0.1084   0.3916   0.0000   0.0000   0.1084   0.3916   0.0000
     4.210565                             -2.633096    0.0000   0.1084   0.3916   0.0000   0.0000   0.1084   0.3916   0.0000
     4.221588                             -2.633096    0.0000   0.1084   0.3916   0.0000   0.0000   0.1084   0.3916   0.0000
     4.232611                             -2.633096    0.0000   0.1084   0.3916   0.0000   0.0000   0.1084   0.3916   0.0000
     4.243634                             -2.633096    0.0000   0.1084   0.3916   0.0000   0.0000   0.1084   0.3916   0.0000
     4.254657                             -2.633096    0.0000   0.1084   0.3916   0.0000   0.0000   0.1084   0.3916   0.0000
 
 
#        k-dist (A^-1)        energy(eV) :       5 -th eigen
# wavefunction coeff.: <ci|sigma|ci>,sigma=sigma_0         1        2        3        4        5        6        7        8
     0.000000                              2.665313    0.0000   0.1904   0.3096   0.0000   0.0000   0.1904   0.3096   0.0000
     0.077929                              2.697762    0.0010   0.3743   0.1248   0.0000   0.0010   0.3743   0.1248   0.0000
     0.155858                              2.789682    0.0054   0.3710   0.1237   0.0000   0.0054   0.3710   0.1237   0.0000
     0.233787                              2.932504    0.0147   0.3640   0.1213   0.0000   0.0147   0.3640   0.1213   0.0000
     0.311716                              3.123913    0.0281   0.3539   0.1180   0.0000   0.0281   0.3539   0.1180   0.0000
     0.389645                              3.367516    0.0442   0.3418   0.1139   0.0000   0.0442   0.3418   0.1139   0.0000
     0.467574                              3.668600    0.0623   0.3283   0.1094   0.0000   0.0623   0.3283   0.1094   0.0000
     0.545504                              3.969244    0.0000   0.1250   0.3750   0.0000   0.0000   0.1250   0.3750   0.0000
     0.623433                              4.255622    0.0000   0.1250   0.3750   0.0000   0.0000   0.1250   0.3750   0.0000
     0.701362                              4.539889    0.0000   0.1250   0.3750   0.0000   0.0000   0.1250   0.3750   0.0000
     0.779291                              4.815762    0.0000   0.1250   0.3750   0.0000   0.0000   0.1250   0.3750   0.0000
     0.857220                              5.077708    0.0000   0.1250   0.3750   0.0000   0.0000   0.1250   0.3750   0.0000
     0.935149                              5.320817    0.0000   0.0000   0.0000   0.5000   0.0000   0.0000   0.0000   0.5000
     1.013078                              4.769628    0.0000   0.0000   0.0000   0.5000   0.0000   0.0000   0.0000   0.5000
     1.091007                              4.227740    0.0000   0.0000   0.0000   0.5000   0.0000   0.0000   0.0000   0.5000
     1.168936                              3.711533    0.0000   0.0000   0.0000   0.5000   0.0000   0.0000   0.0000   0.5000
     1.246865                              3.243798    0.0000   0.0000   0.0000   0.5000   0.0000   0.0000   0.0000   0.5000
     1.324794                              2.857052    0.0000   0.0000   0.0000   0.5000   0.0000   0.0000   0.0000   0.5000
     1.402723                              2.594527    0.0000   0.0000   0.0000   0.5000   0.0000   0.0000   0.0000   0.5000
     1.480653                              2.500327    0.0000   0.0000   0.0000   0.5000   0.0000   0.0000   0.0000   0.5000
     1.480653                              2.500327    0.0000   0.0000   0.0000   0.5000   0.0000   0.0000   0.0000   0.5000
     1.525645                              2.493409    0.0000   0.0000   0.0000   0.5000   0.0000   0.0000   0.0000   0.5000
     1.570637                              2.472668    0.0000   0.0000   0.0000   0.5000   0.0000   0.0000   0.0000   0.5000
     1.615630                              2.438146    0.0000   0.0000   0.0000   0.5000   0.0000   0.0000   0.0000   0.5000
     1.660622                              2.389913    0.0000   0.0000   0.0000   0.5000   0.0000   0.0000   0.0000   0.5000
     1.705614                              2.328067    0.0000   0.0000   0.0000   0.5000   0.0000   0.0000   0.0000   0.5000
     1.750607                              2.252736    0.0000   0.0000   0.0000   0.5000   0.0000   0.0000   0.0000   0.5000
     1.795599                              2.164076    0.0000   0.0000   0.0000   0.5000   0.0000   0.0000   0.0000   0.5000
     1.840592                              2.062271    0.0000   0.0000   0.0000   0.5000   0.0000   0.0000   0.0000   0.5000
     1.885584                              1.947537    0.0000   0.0000   0.0000   0.5000   0.0000   0.0000   0.0000   0.5000
     1.930576                              1.820119    0.0000   0.0000   0.0000   0.5000   0.0000   0.0000   0.0000   0.5000
     1.975569                              1.680294    0.0000   0.0000   0.0000   0.5000   0.0000   0.0000   0.0000   0.5000
     2.020561                              1.528369    0.0000   0.0000   0.0000   0.5000   0.0000   0.0000   0.0000   0.5000
     2.065553                              1.364683    0.0000   0.0000   0.0000   0.5000   0.0000   0.0000   0.0000   0.5000
     2.110546                              1.189608    0.0000   0.0000   0.0000   0.5000   0.0000   0.0000   0.0000   0.5000
     2.155538                              1.003549    0.0000   0.0000   0.0000   0.5000   0.0000   0.0000   0.0000   0.5000
     2.200531                              0.806943    0.0000   0.0000   0.0000   0.5000   0.0000   0.0000   0.0000   0.5000
     2.245523                              0.600259    0.0000   0.0000   0.0000   0.5000   0.0000   0.0000   0.0000   0.5000
     2.290515                              0.384002    0.0000   0.0000   0.0000   0.5000   0.0000   0.0000   0.0000   0.5000
     2.335508                              0.158710    0.0000   0.0000   0.0000   0.5109   0.0000   0.0000   0.0000   0.4891
     2.335508                              0.158710    0.0000   0.0000   0.0000   0.4537   0.0000   0.0000   0.0000   0.5463
     2.425492                              0.640405    0.0000   0.0000   0.0000   0.5000   0.0000   0.0000   0.0000   0.5000
     2.515477                              1.164878    0.0000   0.0000   0.0000   0.5000   0.0000   0.0000   0.0000   0.5000
     2.605462                              1.728142    0.0000   0.0000   0.0000   0.5000   0.0000   0.0000   0.0000   0.5000
     2.695447                              2.325086    0.0000   0.0000   0.0000   0.5000   0.0000   0.0000   0.0000   0.5000
     2.785431                              2.949449    0.0000   0.0000   0.0000   0.5000   0.0000   0.0000   0.0000   0.5000
     2.875416                              3.593853    0.0000   0.0000   0.0000   0.5000   0.0000   0.0000   0.0000   0.5000
     2.965401                              4.249878    0.0000   0.0000   0.0000   0.5000   0.0000   0.0000   0.0000   0.5000
     3.055386                              4.908198    0.0000   0.0000   0.0000   0.5000   0.0000   0.0000   0.0000   0.5000
     3.145370                              5.558755    0.0000   0.0000   0.0000   0.5000   0.0000   0.0000   0.0000   0.5000
     3.235355                              5.324286    0.0654   0.3142   0.1205   0.0000   0.0654   0.3142   0.1205   0.0000
     3.325340                              4.810000    0.0566   0.3206   0.1229   0.0000   0.0566   0.3206   0.1229   0.0000
     3.415325                              4.343458    0.0478   0.3274   0.1249   0.0000   0.0478   0.3274   0.1249   0.0000
     3.505309                              3.930346    0.0388   0.3346   0.1266   0.0000   0.0388   0.3346   0.1266   0.0000
     3.595294                              3.573638    0.0295   0.3424   0.1281   0.0000   0.0295   0.3424   0.1281   0.0000
     3.685279                              3.273671    0.0199   0.3507   0.1294   0.0000   0.0199   0.3507   0.1294   0.0000
     3.775264                              3.028969    0.0107   0.3595   0.1299   0.0000   0.0107   0.3595   0.1299   0.0000
     3.865248                              2.838665    0.0042   0.1308   0.3651   0.0000   0.0042   0.1308   0.3651   0.0000
     3.955233                              2.709174    0.0011   0.1265   0.3724   0.0000   0.0011   0.1265   0.3724   0.0000
     4.045218                              2.665313    0.0000   0.1904   0.3096   0.0000   0.0000   0.1904   0.3096   0.0000
     4.045218                              2.665313    0.0000   0.1904   0.3096   0.0000   0.0000   0.1904   0.3096   0.0000
     4.056241                              2.665313    0.0000   0.1904   0.3096   0.0000   0.0000   0.1904   0.3096   0.0000
     4.067264                              2.665313    0.0000   0.1904   0.3096   0.0000   0.0000   0.1904   0.3096   0.0000
     4.078287                              2.665313    0.0000   0.1904   0.3096   0.0000   0.0000   0.1904   0.3096   0.0000
     4.089311                              2.665313    0.0000   0.1904   0.3096   0.0000   0.0000   0.1904   0.3096   0.0000
     4.100334                              2.665313    0.0000   0.1904   0.3096   0.0000   0.0000   0.1904   0.3096   0.0000
     4.111357                              2.665313    0.0000   0.1904   0.3096   0.0000   0.0000   0.1904   0.3096   0.0000
     4.122380                              2.665313    0.0000   0.1904   0.3096   0.0000   0.0000   0.1904   0.3096   0.0000
     4.133403                              2.665313    0.0000   0.1904   0.3096   0.0000   0.0000   0.1904   0.3096   0.0000
     4.144426                              2.665313    0.0000   0.1904   0.3096   0.0000   0.0000   0.1904   0.3096   0.0000
     4.155449                              2.665313    0.0000   0.1904   0.3096   0.0000   0.0000   0.1904   0.3096   0.0000
     4.166472                              2.665313    0.0000   0.1904   0.3096   0.0000   0.0000   0.1904   0.3096   0.0000
     4.177496                              2.665313    0.0000   0.1904   0.3096   0.0000   0.0000   0.1904   0.3096   0.0000
     4.188519                              2.665313    0.0000   0.1904   0.3096   0.0000   0.0000   0.1904   0.3096   0.0000
     4.199542                              2.665313    0.0000   0.1904   0.3096   0.0000   0.0000   0.1904   0.3096   0.0000
     4.210565                              2.665313    0.0000   0.1904   0.3096   0.0000   0.0000   0.1904   0.3096   0.0000
     4.221588                              2.665313    0.0000   0.1904   0.3096   0.0000   0.0000   0.1904   0.3096   0.0000
     4.232611                              2.665313    0.0000   0.1904   0.3096   0.0000   0.0000   0.1904   0.3096   0.0000
     4.243634                              2.665313    0.0000   0.1904   0.3096   0.0000   0.0000   0.1904   0.3096   0.0000
     4.254657                              2.665313    0.0000   0.1904   0.3096   0.0000   0.0000   0.1904   0.3096   0.0000
 
 
#        k-dist (A^-1)        energy(eV) :       6 -th eigen
# wavefunction coeff.: <ci|sigma|ci>,sigma=sigma_0         1        2        3        4        5        6        7        8
     0.000000                              2.665313    0.0000   0.3096   0.1904   0.0000   0.0000   0.3096   0.1904   0.0000
     0.077929                              2.700890    0.0000   0.1250   0.3750   0.0000   0.0000   0.1250   0.3750   0.0000
     0.155858                              2.804281    0.0000   0.1250   0.3750   0.0000   0.0000   0.1250   0.3750   0.0000
     0.233787                              2.966610    0.0000   0.1250   0.3750   0.0000   0.0000   0.1250   0.3750   0.0000
     0.311716                              3.176055    0.0000   0.1250   0.3750   0.0000   0.0000   0.1250   0.3750   0.0000
     0.389645                              3.420300    0.0000   0.1250   0.3750   0.0000   0.0000   0.1250   0.3750   0.0000
     0.467574                              3.687990    0.0000   0.1250   0.3750   0.0000   0.0000   0.1250   0.3750   0.0000
     0.545504                              4.031018    0.0816   0.3138   0.1046   0.0000   0.0816   0.3138   0.1046   0.0000
     0.623433                              4.455528    0.1022   0.2984   0.0995   0.0000   0.1022   0.2984   0.0995   0.0000
     0.701362                              4.939002    0.1236   0.2823   0.0941   0.0000   0.1236   0.2823   0.0941   0.0000
     0.779291                              5.474130    0.1459   0.2655   0.0885   0.0000   0.1459   0.2655   0.0885   0.0000
     0.857220                              5.868755    0.0000   0.0000   0.0000   0.5000   0.0000   0.0000   0.0000   0.5000
     0.935149                              5.320817    0.0000   0.1250   0.3750   0.0000   0.0000   0.1250   0.3750   0.0000
     1.013078                              5.540723    0.0000   0.1250   0.3750   0.0000   0.0000   0.1250   0.3750   0.0000
     1.091007                              5.733583    0.0000   0.1250   0.3750   0.0000   0.0000   0.1250   0.3750   0.0000
     1.168936                              5.896074    0.0000   0.1250   0.3750   0.0000   0.0000   0.1250   0.3750   0.0000
     1.246865                              6.025418    0.0000   0.1250   0.3750   0.0000   0.0000   0.1250   0.3750   0.0000
     1.324794                              6.119413    0.0000   0.1250   0.3750   0.0000   0.0000   0.1250   0.3750   0.0000
     1.402723                              6.176458    0.0000   0.1250   0.3750   0.0000   0.0000   0.1250   0.3750   0.0000
     1.480653                              6.195581    0.0000   0.1250   0.3750   0.0000   0.0000   0.1250   0.3750   0.0000
     1.480653                              6.195581    0.0000   0.1250   0.3750   0.0000   0.0000   0.1250   0.3750   0.0000
     1.525645                              6.213459    0.0007   0.1248   0.3745   0.0000   0.0007   0.1248   0.3745   0.0000
     1.570637                              6.266853    0.0027   0.1244   0.3730   0.0000   0.0027   0.1244   0.3730   0.0000
     1.615630                              6.355044    0.0060   0.1236   0.3704   0.0000   0.0060   0.1236   0.3704   0.0000
     1.660622                              6.476851    0.0106   0.1225   0.3669   0.0000   0.0106   0.1225   0.3669   0.0000
     1.705614                              6.630638    0.0164   0.1212   0.3624   0.0000   0.0164   0.1212   0.3624   0.0000
     1.750607                              6.814342    0.0234   0.1196   0.3571   0.0000   0.0234   0.1196   0.3571   0.0000
     1.795599                              7.025493    0.0315   0.1177   0.3508   0.0000   0.0315   0.1177   0.3508   0.0000
     1.840592                              7.261233    0.0407   0.1157   0.3436   0.0000   0.0407   0.1157   0.3436   0.0000
     1.885584                              7.518335    0.0510   0.1135   0.3355   0.0000   0.0510   0.1135   0.3355   0.0000
     1.930576                              7.793206    0.0623   0.1112   0.3265   0.0000   0.0623   0.1112   0.3265   0.0000
     1.975569                              8.081865    0.0746   0.1089   0.3165   0.0000   0.0746   0.1089   0.3165   0.0000
     2.020561                              8.379890    0.0881   0.1066   0.3053   0.0000   0.0881   0.1066   0.3053   0.0000
     2.065553                              8.682289    0.1029   0.1045   0.2926   0.0000   0.1029   0.1045   0.2926   0.0000
     2.110546                              8.983249    0.1192   0.1029   0.2779   0.0000   0.1192   0.1029   0.2779   0.0000
     2.155538                              9.275658    0.1372   0.1024   0.2604   0.0000   0.1372   0.1024   0.2604   0.0000
     2.200531                              9.550239    0.1570   0.1039   0.2391   0.0000   0.1570   0.1039   0.2391   0.0000
     2.245523                              9.794117    0.1782   0.1093   0.2125   0.0000   0.1782   0.1093   0.2125   0.0000
     2.290515                              9.989225    0.1983   0.1218   0.1799   0.0000   0.1983   0.1218   0.1799   0.0000
     2.335508                             10.113237    0.0131   0.2792   0.2792   0.0000   0.4105   0.0089   0.0089   0.0000
     2.335508                             10.113237    0.0041   0.2854   0.2854   0.0000   0.4196   0.0028   0.0028   0.0000
     2.425492                              9.909667    0.1962   0.1470   0.1567   0.0000   0.1962   0.1470   0.1567   0.0000
     2.515477                              9.626279    0.1809   0.1499   0.1692   0.0000   0.1809   0.1499   0.1692   0.0000
     2.605462                              9.268152    0.1660   0.1525   0.1815   0.0000   0.1660   0.1525   0.1815   0.0000
     2.695447                              8.828896    0.1286   0.2766   0.0947   0.0000   0.1286   0.2766   0.0947   0.0000
     2.785431                              8.260465    0.1148   0.2845   0.1007   0.0000   0.1148   0.2845   0.1007   0.0000
     2.875416                              7.666103    0.1032   0.2909   0.1059   0.0000   0.1032   0.2909   0.1059   0.0000
     2.965401                              7.061609    0.0929   0.2966   0.1104   0.0000   0.0929   0.2966   0.1104   0.0000
     3.055386                              6.461221    0.0834   0.3023   0.1143   0.0000   0.0834   0.3023   0.1143   0.0000
     3.145370                              5.878127    0.0742   0.3081   0.1177   0.0000   0.0742   0.3081   0.1177   0.0000
     3.235355                              5.584101    0.0677   0.1613   0.2710   0.0000   0.0677   0.1613   0.2710   0.0000
     3.325340                              5.047819    0.0554   0.1598   0.2848   0.0000   0.0554   0.1598   0.2848   0.0000
     3.415325                              4.545743    0.0438   0.1573   0.2989   0.0000   0.0438   0.1573   0.2989   0.0000
     3.505309                              4.087062    0.0333   0.1535   0.3132   0.0000   0.0333   0.1535   0.3132   0.0000
     3.595294                              3.679769    0.0239   0.1486   0.3275   0.0000   0.0239   0.1486   0.3275   0.0000
     3.685279                              3.331149    0.0158   0.1428   0.3414   0.0000   0.0158   0.1428   0.3414   0.0000
     3.775264                              3.048344    0.0091   0.1366   0.3543   0.0000   0.0091   0.1366   0.3543   0.0000
     3.865248                              2.839193    0.0035   0.3675   0.1290   0.0000   0.0035   0.3675   0.1290   0.0000
     3.955233                              2.711797    0.0003   0.3731   0.1266   0.0000   0.0003   0.3731   0.1266   0.0000
     4.045218                              2.665313    0.0000   0.3096   0.1904   0.0000   0.0000   0.3096   0.1904   0.0000
     4.045218                              2.665313    0.0000   0.3096   0.1904   0.0000   0.0000   0.3096   0.1904   0.0000
     4.056241                              2.665313    0.0000   0.3096   0.1904   0.0000   0.0000   0.3096   0.1904   0.0000
     4.067264                              2.665313    0.0000   0.3096   0.1904   0.0000   0.0000   0.3096   0.1904   0.0000
     4.078287                              2.665313    0.0000   0.3096   0.1904   0.0000   0.0000   0.3096   0.1904   0.0000
     4.089311                              2.665313    0.0000   0.3096   0.1904   0.0000   0.0000   0.3096   0.1904   0.0000
     4.100334                              2.665313    0.0000   0.3096   0.1904   0.0000   0.0000   0.3096   0.1904   0.0000
     4.111357                              2.665313    0.0000   0.3096   0.1904   0.0000   0.0000   0.3096   0.1904   0.0000
     4.122380                              2.665313    0.0000   0.3096   0.1904   0.0000   0.0000   0.3096   0.1904   0.0000
     4.133403                              2.665313    0.0000   0.3096   0.1904   0.0000   0.0000   0.3096   0.1904   0.0000
     4.144426                              2.665313    0.0000   0.3096   0.1904   0.0000   0.0000   0.3096   0.1904   0.0000
     4.155449                              2.665313    0.0000   0.3096   0.1904   0.0000   0.0000   0.3096   0.1904   0.0000
     4.166472                              2.665313    0.0000   0.3096   0.1904   0.0000   0.0000   0.3096   0.1904   0.0000
     4.177496                              2.665313    0.0000   0.3096   0.1904   0.0000   0.0000   0.3096   0.1904   0.0000
     4.188519                              2.665313    0.0000   0.3096   0.1904   0.0000   0.0000   0.3096   0.1904   0.0000
     4.199542                              2.665313    0.0000   0.3096   0.1904   0.0000   0.0000   0.3096   0.1904   0.0000
     4.210565                              2.665313    0.0000   0.3096   0.1904   0.0000   0.0000   0.3096   0.1904   0.0000
     4.221588                              2.665313    0.0000   0.3096   0.1904   0.0000   0.0000   0.3096   0.1904   0.0000
     4.232611                              2.665313    0.0000   0.3096   0.1904   0.0000   0.0000   0.3096   0.1904   0.0000
     4.243634                              2.665313    0.0000   0.3096   0.1904   0.0000   0.0000   0.3096   0.1904   0.0000
     4.254657                              2.665313    0.0000   0.3096   0.1904   0.0000   0.0000   0.3096   0.1904   0.0000
 
 
#        k-dist (A^-1)        energy(eV) :       7 -th eigen
# wavefunction coeff.: <ci|sigma|ci>,sigma=sigma_0         1        2        3        4        5        6        7        8
     0.000000                              4.841501    0.5000   0.0000   0.0000   0.0000   0.5000   0.0000   0.0000   0.0000
     0.077929                              4.950151    0.4928   0.0054   0.0018   0.0000   0.4928   0.0054   0.0018   0.0000
     0.155858                              5.263753    0.4730   0.0203   0.0068   0.0000   0.4730   0.0203   0.0068   0.0000
     0.233787                              5.748878    0.4450   0.0412   0.0137   0.0000   0.4450   0.0412   0.0137   0.0000
     0.311716                              6.361476    0.4144   0.0642   0.0214   0.0000   0.4144   0.0642   0.0214   0.0000
     0.389645                              7.057984    0.3847   0.0865   0.0288   0.0000   0.3847   0.0865   0.0288   0.0000
     0.467574                              7.800639    0.3572   0.1071   0.0357   0.0000   0.3572   0.1071   0.0357   0.0000
     0.545504                              7.840038    0.0000   0.0000   0.0000   0.5000   0.0000   0.0000   0.0000   0.5000
     0.623433                              7.396447    0.0000   0.0000   0.0000   0.5000   0.0000   0.0000   0.0000   0.5000
     0.701362                              6.915045    0.0000   0.0000   0.0000   0.5000   0.0000   0.0000   0.0000   0.5000
     0.779291                              6.403142    0.0000   0.0000   0.0000   0.5000   0.0000   0.0000   0.0000   0.5000
     0.857220                              6.049469    0.1690   0.2482   0.0827   0.0000   0.1690   0.2482   0.0827   0.0000
     0.935149                              6.649684    0.1928   0.2304   0.0768   0.0000   0.1928   0.2304   0.0768   0.0000
     1.013078                              7.255868    0.2174   0.2119   0.0706   0.0000   0.2174   0.2119   0.0706   0.0000
     1.091007                              7.845783    0.2427   0.1930   0.0643   0.0000   0.2427   0.1930   0.0643   0.0000
     1.168936                              8.393963    0.2683   0.1737   0.0579   0.0000   0.2683   0.1737   0.0579   0.0000
     1.246865                              8.871736    0.2936   0.1548   0.0516   0.0000   0.2936   0.1548   0.0516   0.0000
     1.324794                              9.247753    0.3162   0.1378   0.0459   0.0000   0.3162   0.1378   0.0459   0.0000
     1.402723                              9.490511    0.3327   0.1255   0.0418   0.0000   0.3327   0.1255   0.0418   0.0000
     1.480653                              9.574755    0.3389   0.1208   0.0403   0.0000   0.3389   0.1208   0.0403   0.0000
     1.480653                              9.574755    0.3389   0.1208   0.0403   0.0000   0.3389   0.1208   0.0403   0.0000
     1.525645                              9.582690    0.3382   0.1210   0.0409   0.0000   0.3382   0.1210   0.0409   0.0000
     1.570637                              9.606107    0.3362   0.1213   0.0425   0.0000   0.3362   0.1213   0.0425   0.0000
     1.615630                              9.643878    0.3329   0.1219   0.0453   0.0000   0.3329   0.1219   0.0453   0.0000
     1.660622                              9.694207    0.3284   0.1226   0.0490   0.0000   0.3284   0.1226   0.0490   0.0000
     1.705614                              9.754749    0.3230   0.1236   0.0535   0.0000   0.3230   0.1236   0.0535   0.0000
     1.750607                              9.822751    0.3167   0.1247   0.0587   0.0000   0.3167   0.1247   0.0587   0.0000
     1.795599                              9.895195    0.3097   0.1259   0.0644   0.0000   0.3097   0.1259   0.0644   0.0000
     1.840592                              9.968944    0.3022   0.1272   0.0706   0.0000   0.3022   0.1272   0.0706   0.0000
     1.885584                             10.040861    0.2943   0.1286   0.0771   0.0000   0.2943   0.1286   0.0771   0.0000
     1.930576                             10.107915    0.2861   0.1301   0.0838   0.0000   0.2861   0.1301   0.0838   0.0000
     1.975569                             10.167253    0.2778   0.1316   0.0906   0.0000   0.2778   0.1316   0.0906   0.0000
     2.020561                             10.216266    0.2694   0.1332   0.0974   0.0000   0.2694   0.1332   0.0974   0.0000
     2.065553                             10.252622    0.2610   0.1347   0.1043   0.0000   0.2610   0.1347   0.1043   0.0000
     2.110546                             10.274291    0.2526   0.1363   0.1111   0.0000   0.2526   0.1363   0.1111   0.0000
     2.155538                             10.279557    0.2442   0.1379   0.1179   0.0000   0.2442   0.1379   0.1179   0.0000
     2.200531                             10.267019    0.2360   0.1395   0.1245   0.0000   0.2360   0.1395   0.1245   0.0000
     2.245523                             10.235593    0.2278   0.1410   0.1311   0.0000   0.2278   0.1410   0.1311   0.0000
     2.290515                             10.184495    0.2198   0.1426   0.1376   0.0000   0.2198   0.1426   0.1376   0.0000
     2.335508                             10.113237    0.4105   0.0089   0.0089   0.0000   0.0131   0.2792   0.2792   0.0000
     2.335508                             10.113237    0.4196   0.0028   0.0028   0.0000   0.0041   0.2854   0.2854   0.0000
     2.425492                             10.095505    0.2022   0.2038   0.0940   0.0000   0.2022   0.2038   0.0940   0.0000
     2.515477                              9.796814    0.1712   0.2445   0.0843   0.0000   0.1712   0.2445   0.0843   0.0000
     2.605462                              9.351641    0.1465   0.2650   0.0885   0.0000   0.1465   0.2650   0.0885   0.0000
     2.695447                              8.843456    0.1512   0.1550   0.1938   0.0000   0.1512   0.1550   0.1938   0.0000
     2.785431                              8.362838    0.1366   0.1572   0.2061   0.0000   0.1366   0.1572   0.2061   0.0000
     2.875416                              7.838771    0.1222   0.1591   0.2186   0.0000   0.1222   0.1591   0.2186   0.0000
     2.965401                              7.284882    0.1081   0.1606   0.2313   0.0000   0.1081   0.1606   0.2313   0.0000
     3.055386                              6.715287    0.0942   0.1615   0.2443   0.0000   0.0942   0.1615   0.2443   0.0000
     3.145370                              6.143946    0.0807   0.1618   0.2575   0.0000   0.0807   0.1618   0.2575   0.0000
     3.235355                              6.190987    0.0000   0.0000   0.0000   0.5000   0.0000   0.0000   0.0000   0.5000
     3.325340                              6.794081    0.0000   0.0000   0.0000   0.5000   0.0000   0.0000   0.0000   0.5000
     3.415325                              7.357256    0.0000   0.0000   0.0000   0.5000   0.0000   0.0000   0.0000   0.5000
     3.505309                              7.870064    0.0000   0.0000   0.0000   0.5000   0.0000   0.0000   0.0000   0.5000
     3.595294                              7.620534    0.3654   0.0366   0.0980   0.0000   0.3654   0.0366   0.0980   0.0000
     3.685279                              6.781076    0.3968   0.0281   0.0751   0.0000   0.3968   0.0281   0.0751   0.0000
     3.775264                              6.018940    0.4312   0.0186   0.0502   0.0000   0.4312   0.0186   0.0502   0.0000
     3.865248                              5.397340    0.4650   0.0093   0.0258   0.0000   0.4650   0.0093   0.0258   0.0000
     3.955233                              4.985896    0.4905   0.0024   0.0071   0.0000   0.4905   0.0024   0.0071   0.0000
     4.045218                              4.841501    0.5000   0.0000   0.0000   0.0000   0.5000   0.0000   0.0000   0.0000
     4.045218                              4.841501    0.5000   0.0000   0.0000   0.0000   0.5000   0.0000   0.0000   0.0000
     4.056241                              4.841501    0.5000   0.0000   0.0000   0.0000   0.5000   0.0000   0.0000   0.0000
     4.067264                              4.841501    0.5000   0.0000   0.0000   0.0000   0.5000   0.0000   0.0000   0.0000
     4.078287                              4.841501    0.5000   0.0000   0.0000   0.0000   0.5000   0.0000   0.0000   0.0000
     4.089311                              4.841501    0.5000   0.0000   0.0000   0.0000   0.5000   0.0000   0.0000   0.0000
     4.100334                              4.841501    0.5000   0.0000   0.0000   0.0000   0.5000   0.0000   0.0000   0.0000
     4.111357                              4.841501    0.5000   0.0000   0.0000   0.0000   0.5000   0.0000   0.0000   0.0000
     4.122380                              4.841501    0.5000   0.0000   0.0000   0.0000   0.5000   0.0000   0.0000   0.0000
     4.133403                              4.841501    0.5000   0.0000   0.0000   0.0000   0.5000   0.0000   0.0000   0.0000
     4.144426                              4.841501    0.5000   0.0000   0.0000   0.0000   0.5000   0.0000   0.0000   0.0000
     4.155449                              4.841501    0.5000   0.0000   0.0000   0.0000   0.5000   0.0000   0.0000   0.0000
     4.166472                              4.841501    0.5000   0.0000   0.0000   0.0000   0.5000   0.0000   0.0000   0.0000
     4.177496                              4.841501    0.5000   0.0000   0.0000   0.0000   0.5000   0.0000   0.0000   0.0000
     4.188519                              4.841501    0.5000   0.0000   0.0000   0.0000   0.5000   0.0000   0.0000   0.0000
     4.199542                              4.841501    0.5000   0.0000   0.0000   0.0000   0.5000   0.0000   0.0000   0.0000
     4.210565                              4.841501    0.5000   0.0000   0.0000   0.0000   0.5000   0.0000   0.0000   0.0000
     4.221588                              4.841501    0.5000   0.0000   0.0000   0.0000   0.5000   0.0000   0.0000   0.0000
     4.232611                              4.841501    0.5000   0.0000   0.0000   0.0000   0.5000   0.0000   0.0000   0.0000
     4.243634                              4.841501    0.5000   0.0000   0.0000   0.0000   0.5000   0.0000   0.0000   0.0000
     4.254657                              4.841501    0.5000   0.0000   0.0000   0.0000   0.5000   0.0000   0.0000   0.0000
 
 
#        k-dist (A^-1)        energy(eV) :       8 -th eigen
# wavefunction coeff.: <ci|sigma|ci>,sigma=sigma_0         1        2        3        4        5        6        7        8
     0.000000                              9.418695    0.0000   0.0000   0.0000   0.5000   0.0000   0.0000   0.0000   0.5000
     0.077929                              9.384402    0.0000   0.0000   0.0000   0.5000   0.0000   0.0000   0.0000   0.5000
     0.155858                              9.282059    0.0000   0.0000   0.0000   0.5000   0.0000   0.0000   0.0000   0.5000
     0.233787                              9.113265    0.0000   0.0000   0.0000   0.5000   0.0000   0.0000   0.0000   0.5000
     0.311716                              8.880643    0.0000   0.0000   0.0000   0.5000   0.0000   0.0000   0.0000   0.5000
     0.389645                              8.587779    0.0000   0.0000   0.0000   0.5000   0.0000   0.0000   0.0000   0.5000
     0.467574                              8.239150    0.0000   0.0000   0.0000   0.5000   0.0000   0.0000   0.0000   0.5000
     0.545504                              8.557958    0.3321   0.1259   0.0420   0.0000   0.3321   0.1259   0.0420   0.0000
     0.623433                              9.303590    0.3089   0.1433   0.0478   0.0000   0.3089   0.1433   0.0478   0.0000
     0.701362                             10.015249    0.2872   0.1596   0.0532   0.0000   0.2872   0.1596   0.0532   0.0000
     0.779291                             10.674119    0.2663   0.1753   0.0584   0.0000   0.2663   0.1753   0.0584   0.0000
     0.857220                             11.264702    0.2457   0.1907   0.0636   0.0000   0.2457   0.1907   0.0636   0.0000
     0.935149                             11.774999    0.2249   0.2063   0.0688   0.0000   0.2249   0.2063   0.0688   0.0000
     1.013078                             12.196933    0.2036   0.2223   0.0741   0.0000   0.2036   0.2223   0.0741   0.0000
     1.091007                             12.526995    0.1816   0.2388   0.0796   0.0000   0.1816   0.2388   0.0796   0.0000
     1.168936                             12.767057    0.1587   0.2560   0.0853   0.0000   0.1587   0.2560   0.0853   0.0000
     1.246865                             12.925208    0.1359   0.2731   0.0910   0.0000   0.1359   0.2731   0.0910   0.0000
     1.324794                             13.015974    0.1150   0.2888   0.0963   0.0000   0.1150   0.2888   0.0963   0.0000
     1.402723                             13.058395    0.0996   0.3003   0.1001   0.0000   0.0996   0.3003   0.1001   0.0000
     1.480653                             13.070071    0.0938   0.3047   0.1016   0.0000   0.0938   0.3047   0.1016   0.0000
     1.480653                             13.070071    0.0938   0.3047   0.1016   0.0000   0.0938   0.3047   0.1016   0.0000
     1.525645                             13.065758    0.0936   0.3047   0.1017   0.0000   0.0936   0.3047   0.1017   0.0000
     1.570637                             13.052801    0.0931   0.3047   0.1022   0.0000   0.0931   0.3047   0.1022   0.0000
     1.615630                             13.031143    0.0924   0.3047   0.1029   0.0000   0.0924   0.3047   0.1029   0.0000
     1.660622                             13.000695    0.0913   0.3047   0.1040   0.0000   0.0913   0.3047   0.1040   0.0000
     1.705614                             12.961344    0.0898   0.3047   0.1054   0.0000   0.0898   0.3047   0.1054   0.0000
     1.750607                             12.912969    0.0880   0.3048   0.1072   0.0000   0.0880   0.3048   0.1072   0.0000
     1.795599                             12.855453    0.0858   0.3048   0.1094   0.0000   0.0858   0.3048   0.1094   0.0000
     1.840592                             12.788712    0.0831   0.3049   0.1120   0.0000   0.0831   0.3049   0.1120   0.0000
     1.885584                             12.712730    0.0799   0.3049   0.1152   0.0000   0.0799   0.3049   0.1152   0.0000
     1.930576                             12.627606    0.0761   0.3049   0.1190   0.0000   0.0761   0.3049   0.1190   0.0000
     1.975569                             12.533626    0.0715   0.3049   0.1236   0.0000   0.0715   0.3049   0.1236   0.0000
     2.020561                             12.431379    0.0661   0.3047   0.1292   0.0000   0.0661   0.3047   0.1292   0.0000
     2.065553                             12.321932    0.0595   0.3043   0.1362   0.0000   0.0595   0.3043   0.1362   0.0000
     2.110546                             12.207142    0.0515   0.3033   0.1451   0.0000   0.0515   0.3033   0.1451   0.0000
     2.155538                             12.090178    0.0419   0.3014   0.1567   0.0000   0.0419   0.3014   0.1567   0.0000
     2.200531                             11.976446    0.0304   0.2974   0.1722   0.0000   0.0304   0.2974   0.1722   0.0000
     2.245523                             11.875059    0.0175   0.2894   0.1930   0.0000   0.0175   0.2894   0.1930   0.0000
     2.290515                             11.800487    0.0055   0.2746   0.2199   0.0000   0.0055   0.2746   0.2199   0.0000
     2.335508                             11.771656    0.0000   0.2500   0.2500   0.0000   0.0000   0.2500   0.2500   0.0000
     2.335508                             11.771656    0.0000   0.2500   0.2500   0.0000   0.0000   0.2500   0.2500   0.0000
     2.425492                             11.891345    0.0251   0.1859   0.2890   0.0000   0.0251   0.1859   0.2890   0.0000
     2.515477                             12.156519    0.0706   0.1414   0.2880   0.0000   0.0706   0.1414   0.2880   0.0000
     2.605462                             12.416383    0.1090   0.1176   0.2734   0.0000   0.1090   0.1176   0.2734   0.0000
     2.695447                             12.591836    0.1397   0.1033   0.2570   0.0000   0.1397   0.1033   0.2570   0.0000
     2.785431                             12.647355    0.1656   0.0933   0.2411   0.0000   0.1656   0.0933   0.2411   0.0000
     2.875416                             12.566228    0.1885   0.0855   0.2260   0.0000   0.1885   0.0855   0.2260   0.0000
     2.965401                             12.342206    0.2097   0.0789   0.2114   0.0000   0.2097   0.0789   0.2114   0.0000
     3.055386                             11.976630    0.2299   0.0730   0.1971   0.0000   0.2299   0.0730   0.1971   0.0000
     3.145370                             11.477213    0.2498   0.0674   0.1828   0.0000   0.2498   0.0674   0.1828   0.0000
     3.235355                             10.857350    0.2698   0.0620   0.1682   0.0000   0.2698   0.0620   0.1682   0.0000
     3.325340                             10.135650    0.2907   0.0564   0.1529   0.0000   0.2907   0.0564   0.1529   0.0000
     3.415325                              9.335652    0.3131   0.0505   0.1364   0.0000   0.3131   0.0505   0.1364   0.0000
     3.505309                              8.485886    0.3377   0.0440   0.1183   0.0000   0.3377   0.0440   0.1183   0.0000
     3.595294                              8.322691    0.0000   0.0000   0.0000   0.5000   0.0000   0.0000   0.0000   0.5000
     3.685279                              8.706248    0.0000   0.0000   0.0000   0.5000   0.0000   0.0000   0.0000   0.5000
     3.775264                              9.013045    0.0000   0.0000   0.0000   0.5000   0.0000   0.0000   0.0000   0.5000
     3.865248                              9.236831    0.0000   0.0000   0.0000   0.5000   0.0000   0.0000   0.0000   0.5000
     3.955233                              9.372991    0.0000   0.0000   0.0000   0.5000   0.0000   0.0000   0.0000   0.5000
     4.045218                              9.418695    0.0000   0.0000   0.0000   0.5000   0.0000   0.0000   0.0000   0.5000
     4.045218                              9.418695    0.0000   0.0000   0.0000   0.5000   0.0000   0.0000   0.0000   0.5000
     4.056241                              9.418695    0.0000   0.0000   0.0000   0.5000   0.0000   0.0000   0.0000   0.5000
     4.067264                              9.418695    0.0000   0.0000   0.0000   0.5000   0.0000   0.0000   0.0000   0.5000
     4.078287                              9.418695    0.0000   0.0000   0.0000   0.5000   0.0000   0.0000   0.0000   0.5000
     4.089311                              9.418695    0.0000   0.0000   0.0000   0.5000   0.0000   0.0000   0.0000   0.5000
     4.100334                              9.418695    0.0000   0.0000   0.0000   0.5000   0.0000   0.0000   0.0000   0.5000
     4.111357                              9.418695    0.0000   0.0000   0.0000   0.5000   0.0000   0.0000   0.0000   0.5000
     4.122380                              9.418695    0.0000   0.0000   0.0000   0.5000   0.0000   0.0000   0.0000   0.5000
     4.133403                              9.418695    0.0000   0.0000   0.0000   0.5000   0.0000   0.0000   0.0000   0.5000
     4.144426                              9.418695    0.0000   0.0000   0.0000   0.5000   0.0000   0.0000   0.0000   0.5000
     4.155449                              9.418695    0.0000   0.0000   0.0000   0.5000   0.0000   0.0000   0.0000   0.5000
     4.166472                              9.418695    0.0000   0.0000   0.0000   0.5000   0.0000   0.0000   0.0000   0.5000
     4.177496                              9.418695    0.0000   0.0000   0.0000   0.5000   0.0000   0.0000   0.0000   0.5000
     4.188519                              9.418695    0.0000   0.0000   0.0000   0.5000   0.0000   0.0000   0.0000   0.5000
     4.199542                              9.418695    0.0000   0.0000   0.0000   0.5000   0.0000   0.0000   0.0000   0.5000
     4.210565                              9.418695    0.0000   0.0000   0.0000   0.5000   0.0000   0.0000   0.0000   0.5000
     4.221588                              9.418695    0.0000   0.0000   0.0000   0.5000   0.0000   0.0000   0.0000   0.5000
     4.232611                              9.418695    0.0000   0.0000   0.0000   0.5000   0.0000   0.0000   0.0000   0.5000
     4.243634                              9.418695    0.0000   0.0000   0.0000   0.5000   0.0000   0.0000   0.0000   0.5000
     4.254657                              9.418695    0.0000   0.0000   0.0000   0.5000   0.0000   0.0000   0.0000   0.5000
 
 
