#        k-dist (A^-1)        Berrycurvature (A^-1): sum over [17:18]-th eigen states   
#                                        Omega(x)     Omega(y)     Omega(z)       kpoint (reciprocal unit)
     0.000000                          0.3870E-04  -0.2234E-04  -0.1526E-03       0.5000      0.5000      0.0000
     0.016932                          0.1173E-14   0.3059E-15  -0.1023E+01       0.4957      0.5043      0.0000
     0.033864                          0.4575E-14   0.9662E-15  -0.1985E+01       0.4915      0.5085      0.0000
     0.050796                         -0.6253E-15   0.3512E-15  -0.2837E+01       0.4872      0.5128      0.0000
     0.067728                         -0.1622E-13  -0.9343E-14  -0.3554E+01       0.4829      0.5171      0.0000
     0.084661                         -0.5351E-14  -0.1175E-14  -0.4127E+01       0.4786      0.5214      0.0000
     0.101593                          0.5622E-14   0.1944E-14  -0.4568E+01       0.4744      0.5256      0.0000
     0.118525                         -0.2162E-13  -0.1203E-13  -0.4897E+01       0.4701      0.5299      0.0000
     0.135457                         -0.9236E-14  -0.5403E-14  -0.5139E+01       0.4658      0.5342      0.0000
     0.152389                          0.4435E-15  -0.1417E-14  -0.5318E+01       0.4615      0.5385      0.0000
     0.169321                          0.4228E-14   0.1519E-14  -0.5453E+01       0.4573      0.5427      0.0000
     0.186253                          0.2438E-14  -0.5514E-15  -0.5561E+01       0.4530      0.5470      0.0000
     0.203185                          0.4638E-14   0.2197E-14  -0.5655E+01       0.4487      0.5513      0.0000
     0.220117                         -0.9905E-15   0.7102E-15  -0.5745E+01       0.4444      0.5556      0.0000
     0.237049                          0.1787E-14   0.4379E-14  -0.5836E+01       0.4402      0.5598      0.0000
     0.253982                          0.3732E-14   0.2082E-14  -0.5935E+01       0.4359      0.5641      0.0000
     0.270914                          0.1446E-15   0.7435E-15  -0.6045E+01       0.4316      0.5684      0.0000
     0.287846                          0.8945E-15  -0.3504E-15  -0.6170E+01       0.4274      0.5726      0.0000
     0.304778                          0.9589E-15   0.1522E-15  -0.6312E+01       0.4231      0.5769      0.0000
     0.321710                         -0.2122E-15   0.2228E-14  -0.6474E+01       0.4188      0.5812      0.0000
     0.338642                          0.4993E-14   0.4159E-15  -0.6659E+01       0.4145      0.5855      0.0000
     0.355574                          0.2430E-14  -0.1951E-15  -0.6870E+01       0.4103      0.5897      0.0000
     0.372506                         -0.1365E-14  -0.1018E-14  -0.7111E+01       0.4060      0.5940      0.0000
     0.389438                          0.3504E-15  -0.1704E-14  -0.7384E+01       0.4017      0.5983      0.0000
     0.406370                          0.5862E-15   0.1063E-14  -0.7692E+01       0.3974      0.6026      0.0000
     0.423303                         -0.1364E-14  -0.1841E-14  -0.8038E+01       0.3932      0.6068      0.0000
     0.440235                          0.4082E-14   0.2573E-14  -0.8426E+01       0.3889      0.6111      0.0000
     0.457167                          0.1448E-14  -0.3632E-16  -0.8855E+01       0.3846      0.6154      0.0000
     0.474099                          0.4918E-16   0.1600E-14  -0.9325E+01       0.3803      0.6197      0.0000
     0.491031                         -0.3125E-15  -0.2199E-15  -0.9834E+01       0.3761      0.6239      0.0000
     0.507963                          0.2885E-14   0.7223E-15  -0.1038E+02       0.3718      0.6282      0.0000
     0.524895                         -0.5607E-14  -0.2981E-14  -0.1094E+02       0.3675      0.6325      0.0000
     0.541827                          0.6415E-15   0.1403E-14  -0.1152E+02       0.3632      0.6368      0.0000
     0.558759                          0.1816E-14  -0.1514E-15  -0.1210E+02       0.3590      0.6410      0.0000
     0.575692                         -0.1379E-14  -0.1975E-16  -0.1264E+02       0.3547      0.6453      0.0000
     0.592624                         -0.2392E-14   0.4216E-15  -0.1314E+02       0.3504      0.6496      0.0000
     0.609556                          0.4093E-14   0.2163E-14  -0.1357E+02       0.3462      0.6538      0.0000
     0.626488                         -0.7607E-15  -0.6586E-15  -0.1390E+02       0.3419      0.6581      0.0000
     0.643420                          0.1738E-14  -0.3307E-16  -0.1410E+02       0.3376      0.6624      0.0000
     0.660352                         -0.4652E-16  -0.7008E-15  -0.1417E+02       0.3333      0.6667      0.0000
     0.660352                         -0.4652E-16  -0.7008E-15  -0.1417E+02       0.3333      0.6667      0.0000
     0.694216                         -0.2642E-15  -0.7173E-15  -0.1388E+02       0.3248      0.6496      0.0000
     0.728080                         -0.2290E-14   0.2796E-14  -0.1306E+02       0.3162      0.6325      0.0000
     0.761945                         -0.1257E-15  -0.9794E-15  -0.1185E+02       0.3077      0.6154      0.0000
     0.795809                          0.4924E-16   0.7740E-15  -0.1043E+02       0.2991      0.5983      0.0000
     0.829673                         -0.2670E-14  -0.9273E-15  -0.8947E+01       0.2906      0.5812      0.0000
     0.863537                         -0.1076E-14   0.6033E-15  -0.7514E+01       0.2821      0.5641      0.0000
     0.897401                          0.1400E-14   0.1472E-14  -0.6165E+01       0.2735      0.5470      0.0000
     0.931266                          0.1829E-14  -0.2157E-14  -0.4875E+01       0.2650      0.5299      0.0000
     0.965130                          0.6817E-14  -0.2577E-14  -0.3549E+01       0.2564      0.5128      0.0000
     0.998994                         -0.1076E-14   0.2879E-14  -0.1999E+01       0.2479      0.4957      0.0000
     1.032858                          0.3167E-14  -0.2644E-14   0.1247E+00       0.2393      0.4786      0.0000
     1.066722                          0.4583E-15  -0.9102E-15   0.3404E+01       0.2308      0.4615      0.0000
     1.100587                          0.6015E-15   0.3262E-14   0.8510E+01       0.2222      0.4444      0.0000
     1.134451                         -0.3359E-14   0.7924E-15   0.1505E+02       0.2137      0.4274      0.0000
     1.168315                          0.4156E-14  -0.6055E-14   0.1954E+02       0.2051      0.4103      0.0000
     1.202179                          0.1159E-13  -0.5557E-14   0.1779E+02       0.1966      0.3932      0.0000
     1.236044                          0.1198E-13  -0.5049E-14   0.1130E+02       0.1880      0.3761      0.0000
     1.269908                          0.1843E-14  -0.4587E-14   0.4238E+01       0.1795      0.3590      0.0000
     1.303772                          0.2725E-14  -0.3167E-14  -0.1419E+01       0.1709      0.3419      0.0000
     1.337636                         -0.4327E-14  -0.6935E-14  -0.5443E+01       0.1624      0.3248      0.0000
     1.371500                          0.4921E-15  -0.3854E-14  -0.7941E+01       0.1538      0.3077      0.0000
     1.405365                         -0.4843E-14   0.1853E-14  -0.8956E+01       0.1453      0.2906      0.0000
     1.439229                         -0.2129E-14   0.1775E-14  -0.8617E+01       0.1368      0.2735      0.0000
     1.473093                          0.1871E-14   0.4669E-14  -0.7305E+01       0.1282      0.2564      0.0000
     1.506957                         -0.5575E-14   0.2429E-14  -0.5585E+01       0.1197      0.2393      0.0000
     1.540821                         -0.1397E-13   0.2801E-14  -0.3950E+01       0.1111      0.2222      0.0000
     1.574686                          0.7099E-14  -0.7484E-14  -0.2651E+01       0.1026      0.2051      0.0000
     1.608550                          0.2374E-15  -0.2152E-14  -0.1726E+01       0.0940      0.1880      0.0000
     1.642414                         -0.4375E-14   0.3249E-14  -0.1108E+01       0.0855      0.1709      0.0000
     1.676278                         -0.5381E-14   0.6463E-14  -0.7049E+00       0.0769      0.1538      0.0000
     1.710142                          0.3815E-14  -0.2110E-14  -0.4435E+00       0.0684      0.1368      0.0000
     1.744007                         -0.4014E-14   0.6286E-14  -0.2727E+00       0.0598      0.1197      0.0000
     1.777871                         -0.5615E-14   0.4436E-15  -0.1608E+00       0.0513      0.1026      0.0000
     1.811735                          0.1642E-13  -0.6786E-14  -0.8833E-01       0.0427      0.0855      0.0000
     1.845599                          0.7822E-14  -0.1093E-14  -0.4337E-01       0.0342      0.0684      0.0000
     1.879463                         -0.8749E-15   0.2696E-14  -0.1769E-01       0.0256      0.0513      0.0000
     1.913328                          0.2456E-13  -0.7204E-14  -0.5107E-02       0.0171      0.0342      0.0000
     1.947192                         -0.3024E-13  -0.3702E-13  -0.6279E-03       0.0085      0.0171      0.0000
     1.981056                          0.2793E-14  -0.6943E-15   0.2158E-14       0.0000      0.0000      0.0000
     1.981056                          0.1559E-15  -0.1501E-15   0.6162E-14       0.0000      0.0000      0.0000
     2.014920                         -0.5961E-15  -0.8314E-13   0.6279E-03       0.0171      0.0085      0.0000
     2.048784                          0.2698E-14   0.7681E-14   0.5107E-02       0.0342      0.0171      0.0000
     2.082649                          0.2208E-15  -0.2836E-13   0.1769E-01       0.0513      0.0256      0.0000
     2.116513                         -0.1088E-15  -0.9988E-14   0.4337E-01       0.0684      0.0342      0.0000
     2.150377                          0.1326E-14  -0.7505E-14   0.8833E-01       0.0855      0.0427      0.0000
     2.184241                         -0.7328E-15  -0.8240E-14   0.1608E+00       0.1026      0.0513      0.0000
     2.218105                          0.1037E-14   0.5339E-14   0.2727E+00       0.1197      0.0598      0.0000
     2.251970                         -0.1516E-15   0.1348E-14   0.4435E+00       0.1368      0.0684      0.0000
     2.285834                         -0.1957E-14   0.3046E-14   0.7049E+00       0.1538      0.0769      0.0000
     2.319698                          0.2689E-14  -0.6520E-15   0.1108E+01       0.1709      0.0855      0.0000
     2.353562                          0.2378E-15   0.6363E-14   0.1726E+01       0.1880      0.0940      0.0000
     2.387427                          0.3182E-14  -0.2132E-15   0.2651E+01       0.2051      0.1026      0.0000
     2.421291                         -0.2798E-14  -0.3027E-14   0.3950E+01       0.2222      0.1111      0.0000
     2.455155                         -0.2490E-15   0.9859E-14   0.5585E+01       0.2393      0.1197      0.0000
     2.489019                          0.1754E-14   0.1522E-14   0.7305E+01       0.2564      0.1282      0.0000
     2.522883                         -0.1812E-14   0.3397E-15   0.8617E+01       0.2735      0.1368      0.0000
     2.556748                          0.1318E-14  -0.5862E-14   0.8956E+01       0.2906      0.1453      0.0000
     2.590612                         -0.2794E-15  -0.1632E-14   0.7941E+01       0.3077      0.1538      0.0000
     2.624476                          0.4921E-15   0.3262E-14   0.5443E+01       0.3248      0.1624      0.0000
     2.658340                         -0.2976E-14  -0.3428E-14   0.1419E+01       0.3419      0.1709      0.0000
     2.692204                         -0.2177E-14   0.3606E-14  -0.4238E+01       0.3590      0.1795      0.0000
     2.726069                          0.3176E-14   0.1638E-13  -0.1130E+02       0.3761      0.1880      0.0000
     2.759933                          0.7827E-14  -0.7608E-14  -0.1779E+02       0.3932      0.1966      0.0000
     2.793797                          0.9804E-15  -0.2422E-13  -0.1954E+02       0.4103      0.2051      0.0000
     2.827661                         -0.2203E-14   0.1567E-13  -0.1505E+02       0.4274      0.2137      0.0000
     2.861525                         -0.1147E-14   0.6946E-14  -0.8510E+01       0.4444      0.2222      0.0000
     2.895390                          0.1030E-14   0.5098E-14  -0.3404E+01       0.4615      0.2308      0.0000
     2.929254                          0.2000E-14   0.2459E-15  -0.1247E+00       0.4786      0.2393      0.0000
     2.963118                         -0.9352E-16   0.2987E-16   0.1999E+01       0.4957      0.2479      0.0000
     2.996982                          0.9476E-15   0.1169E-14   0.3549E+01       0.5128      0.2564      0.0000
     3.030846                         -0.1467E-14  -0.3066E-14   0.4875E+01       0.5299      0.2650      0.0000
     3.064711                         -0.1031E-14  -0.2336E-14   0.6165E+01       0.5470      0.2735      0.0000
     3.098575                          0.2360E-15   0.5121E-14   0.7514E+01       0.5641      0.2821      0.0000
     3.132439                         -0.5905E-15  -0.3463E-15   0.8947E+01       0.5812      0.2906      0.0000
     3.166303                         -0.6284E-15   0.2820E-14   0.1043E+02       0.5983      0.2991      0.0000
     3.200167                         -0.1299E-14   0.1430E-14   0.1185E+02       0.6154      0.3077      0.0000
     3.234032                         -0.7193E-15  -0.9531E-15   0.1306E+02       0.6325      0.3162      0.0000
     3.267896                          0.6064E-16  -0.1217E-14   0.1388E+02       0.6496      0.3248      0.0000
     3.301760                          0.9724E-15  -0.5489E-15   0.1417E+02       0.6667      0.3333      0.0000
     3.301760                          0.9724E-15  -0.5489E-15   0.1417E+02       0.6667      0.3333      0.0000
     3.318692                         -0.1700E-14  -0.7633E-15   0.1410E+02       0.6624      0.3376      0.0000
     3.335624                         -0.1311E-15   0.5049E-15   0.1390E+02       0.6581      0.3419      0.0000
     3.352556                         -0.6856E-15   0.1602E-14   0.1357E+02       0.6538      0.3462      0.0000
     3.369488                         -0.4087E-14  -0.4974E-15   0.1314E+02       0.6496      0.3504      0.0000
     3.386421                          0.1925E-14  -0.1617E-14   0.1264E+02       0.6453      0.3547      0.0000
     3.403353                          0.8478E-15   0.4791E-14   0.1210E+02       0.6410      0.3590      0.0000
     3.420285                         -0.1105E-14  -0.1586E-14   0.1152E+02       0.6368      0.3632      0.0000
     3.437217                         -0.2666E-14  -0.1441E-14   0.1094E+02       0.6325      0.3675      0.0000
     3.454149                         -0.4336E-14  -0.1518E-14   0.1038E+02       0.6282      0.3718      0.0000
     3.471081                         -0.1312E-15  -0.2398E-14   0.9834E+01       0.6239      0.3761      0.0000
     3.488013                          0.3950E-14   0.2190E-14   0.9325E+01       0.6197      0.3803      0.0000
     3.504945                          0.3703E-14   0.2442E-14   0.8855E+01       0.6154      0.3846      0.0000
     3.521877                         -0.5826E-15  -0.1547E-14   0.8426E+01       0.6111      0.3889      0.0000
     3.538810                          0.1661E-14   0.5332E-15   0.8038E+01       0.6068      0.3932      0.0000
     3.555742                          0.2645E-14   0.3561E-14   0.7692E+01       0.6026      0.3974      0.0000
     3.572674                          0.3364E-14   0.2384E-14   0.7384E+01       0.5983      0.4017      0.0000
     3.589606                          0.1044E-14  -0.6501E-15   0.7111E+01       0.5940      0.4060      0.0000
     3.606538                          0.1671E-14  -0.1005E-14   0.6870E+01       0.5897      0.4103      0.0000
     3.623470                         -0.3232E-14  -0.2740E-14   0.6659E+01       0.5855      0.4145      0.0000
     3.640402                          0.6563E-15   0.8478E-15   0.6474E+01       0.5812      0.4188      0.0000
     3.657334                         -0.1964E-14  -0.5604E-15   0.6312E+01       0.5769      0.4231      0.0000
     3.674266                         -0.1157E-14  -0.1766E-15   0.6170E+01       0.5726      0.4274      0.0000
     3.691198                          0.3637E-14   0.1300E-14   0.6045E+01       0.5684      0.4316      0.0000
     3.708131                          0.2080E-14  -0.1229E-14   0.5935E+01       0.5641      0.4359      0.0000
     3.725063                         -0.1205E-15  -0.9395E-15   0.5836E+01       0.5598      0.4402      0.0000
     3.741995                          0.1973E-14   0.9584E-15   0.5745E+01       0.5556      0.4444      0.0000
     3.758927                          0.7514E-14   0.4471E-14   0.5655E+01       0.5513      0.4487      0.0000
     3.775859                          0.4971E-14   0.1454E-14   0.5561E+01       0.5470      0.4530      0.0000
     3.792791                          0.4171E-14   0.2135E-14   0.5453E+01       0.5427      0.4573      0.0000
     3.809723                         -0.5548E-15  -0.7775E-15   0.5318E+01       0.5385      0.4615      0.0000
     3.826655                         -0.6446E-14  -0.2320E-14   0.5139E+01       0.5342      0.4658      0.0000
     3.843587                         -0.6126E-14  -0.3356E-14   0.4897E+01       0.5299      0.4701      0.0000
     3.860519                          0.8081E-14   0.3973E-14   0.4568E+01       0.5256      0.4744      0.0000
     3.877452                         -0.2042E-13  -0.1028E-13   0.4127E+01       0.5214      0.4786      0.0000
     3.894384                         -0.8899E-15  -0.1336E-14   0.3554E+01       0.5171      0.4829      0.0000
     3.911316                         -0.8634E-14  -0.4568E-14   0.2837E+01       0.5128      0.4872      0.0000
     3.928248                          0.1810E-14   0.1385E-14   0.1985E+01       0.5085      0.4915      0.0000
     3.945180                          0.1810E-13   0.9576E-14   0.1023E+01       0.5043      0.4957      0.0000
     3.962112                          0.6964E-04  -0.4021E-04   0.6843E-04       0.5000      0.5000      0.0000
 
 
