#k-dist(A^-1)  energy(eV)   weight,       1 -th eigen
   0.000000  -19.380930      1.000 
   0.077929  -19.364360      1.000 
   0.155858  -19.314670      1.000 
   0.233787  -19.231920      1.000 
   0.311716  -19.116180      1.000 
   0.389645  -18.967590      1.000 
   0.467574  -18.786300      1.000 
   0.545504  -18.572570      1.000 
   0.623433  -18.326620      1.000 
   0.701362  -18.048760      1.000 
   0.779291  -17.739390      1.000 
   0.857220  -17.399060      1.000 
   0.935149  -17.028360      1.000 
   1.013078  -16.628180      1.000 
   1.091007  -16.199770      1.000 
   1.168936  -15.745160      1.000 
   1.246865  -15.268130      1.000 
   1.324794  -14.778240      1.000 
   1.402723  -14.310020      1.000 
   1.480653  -14.049120      1.000 
   1.480653  -14.049120      1.000 
   1.525645  -14.044420      1.000 
   1.570637  -14.030310      1.000 
   1.615630  -14.006760      1.000 
   1.660622  -13.973800      1.000 
   1.705614  -13.931430      1.000 
   1.750607  -13.879660      1.000 
   1.795599  -13.818500      1.000 
   1.840592  -13.747940      1.000 
   1.885584  -13.668020      1.000 
   1.930576  -13.578720      1.000 
   1.975569  -13.480090      1.000 
   2.020561  -13.372130      1.000 
   2.065553  -13.254850      1.000 
   2.110546  -13.128280      1.000 
   2.155538  -12.992440      1.000 
   2.200531  -12.847370      1.000 
   2.245523  -12.693100      1.000 
   2.290515  -12.529670      1.000 
   2.335508  -12.358250      1.000 
   2.335508  -12.358250      1.000 
   2.425492  -12.816460      1.000 
   2.515477  -13.392190      1.000 
   2.605462  -13.999550      1.000 
   2.695447  -14.603020      1.000 
   2.785431  -15.186710      1.000 
   2.875416  -15.742400      1.000 
   2.965401  -16.265270      1.000 
   3.055386  -16.752190      1.000 
   3.145370  -17.200970      1.000 
   3.235355  -17.610080      1.000 
   3.325340  -17.978350      1.000 
   3.415325  -18.304910      1.000 
   3.505309  -18.589060      1.000 
   3.595294  -18.830250      1.000 
   3.685279  -19.028100      1.000 
   3.775264  -19.182290      1.000 
   3.865248  -19.292590      1.000 
   3.955233  -19.358840      1.000 
   4.045218  -19.380930      1.000 
   4.045218  -19.380930      1.000 
   4.056241  -19.380930      1.000 
   4.067264  -19.380940      1.000 
   4.078287  -19.380940      1.000 
   4.089311  -19.380940      1.000 
   4.100334  -19.380940      1.000 
   4.111357  -19.380940      1.000 
   4.122380  -19.380930      1.000 
   4.133403  -19.380930      1.000 
   4.144426  -19.380930      1.000 
   4.155449  -19.380930      1.000 
   4.166472  -19.380910      1.000 
   4.177496  -19.380910      1.000 
   4.188519  -19.380910      1.000 
   4.199542  -19.380910      1.000 
   4.210565  -19.380910      1.000 
   4.221588  -19.380900      1.000 
   4.232611  -19.380900      1.000 
   4.243634  -19.380880      1.000 
   4.254657  -19.380880      1.000 
 
 
#k-dist(A^-1)  energy(eV)   weight,       2 -th eigen
   0.000000  -19.380930      1.000 
   0.077929  -19.364360      1.000 
   0.155858  -19.314670      1.000 
   0.233787  -19.231920      1.000 
   0.311716  -19.116180      1.000 
   0.389645  -18.967590      1.000 
   0.467574  -18.786300      1.000 
   0.545504  -18.572570      1.000 
   0.623433  -18.326620      1.000 
   0.701362  -18.048760      1.000 
   0.779291  -17.739390      1.000 
   0.857220  -17.399050      1.000 
   0.935149  -17.028360      1.000 
   1.013078  -16.628180      1.000 
   1.091007  -16.199770      1.000 
   1.168936  -15.745160      1.000 
   1.246865  -15.268130      1.000 
   1.324794  -14.778240      1.000 
   1.402723  -14.310020      1.000 
   1.480653  -14.049120      1.000 
   1.480653  -14.049120      1.000 
   1.525645  -14.044420      1.000 
   1.570637  -14.030310      1.000 
   1.615630  -14.006760      1.000 
   1.660622  -13.973790      1.000 
   1.705614  -13.931430      1.000 
   1.750607  -13.879650      1.000 
   1.795599  -13.818490      1.000 
   1.840592  -13.747940      1.000 
   1.885584  -13.668010      1.000 
   1.930576  -13.578720      1.000 
   1.975569  -13.480080      1.000 
   2.020561  -13.372130      1.000 
   2.065553  -13.254850      1.000 
   2.110546  -13.128270      1.000 
   2.155538  -12.992430      1.000 
   2.200531  -12.847360      1.000 
   2.245523  -12.693100      1.000 
   2.290515  -12.529670      1.000 
   2.335508  -12.358250      1.000 
   2.335508  -12.358250      1.000 
   2.425492  -12.816460      1.000 
   2.515477  -13.392190      1.000 
   2.605462  -13.999550      1.000 
   2.695447  -14.603020      1.000 
   2.785431  -15.186710      1.000 
   2.875416  -15.742400      1.000 
   2.965401  -16.265270      1.000 
   3.055386  -16.752190      1.000 
   3.145370  -17.200970      1.000 
   3.235355  -17.610070      1.000 
   3.325340  -17.978340      1.000 
   3.415325  -18.304910      1.000 
   3.505309  -18.589060      1.000 
   3.595294  -18.830250      1.000 
   3.685279  -19.028100      1.000 
   3.775264  -19.182290      1.000 
   3.865248  -19.292590      1.000 
   3.955233  -19.358840      1.000 
   4.045218  -19.380930      1.000 
   4.045218  -19.380930      1.000 
   4.056241  -19.380930      1.000 
   4.067264  -19.380940      1.000 
   4.078287  -19.380940      1.000 
   4.089311  -19.380940      1.000 
   4.100334  -19.380940      1.000 
   4.111357  -19.380940      1.000 
   4.122380  -19.380930      1.000 
   4.133403  -19.380930      1.000 
   4.144426  -19.380930      1.000 
   4.155449  -19.380930      1.000 
   4.166472  -19.380910      1.000 
   4.177496  -19.380910      1.000 
   4.188519  -19.380910      1.000 
   4.199542  -19.380910      1.000 
   4.210565  -19.380910      1.000 
   4.221588  -19.380890      1.000 
   4.232611  -19.380900      1.000 
   4.243634  -19.380870      1.000 
   4.254657  -19.380870      1.000 
 
 
#k-dist(A^-1)  energy(eV)   weight,       3 -th eigen
   0.000000   -7.458770      1.000 
   0.077929   -7.438900      1.000 
   0.155858   -7.379340      1.000 
   0.233787   -7.280240      1.000 
   0.311716   -7.141850      1.000 
   0.389645   -6.964540      1.000 
   0.467574   -6.748840      1.000 
   0.545504   -6.495450      1.000 
   0.623433   -6.205290      1.000 
   0.701362   -6.813010      1.000 
   0.779291   -7.513220      1.000 
   0.857220   -8.219100      1.000 
   0.935149   -8.923920      1.000 
   1.013078   -9.621930      1.000 
   1.091007  -10.308030      1.000 
   1.168936  -10.977210      1.000 
   1.246865  -11.623300      1.000 
   1.324794  -12.235110      1.000 
   1.402723  -12.776930      1.000 
   1.480653  -13.062400      1.000 
   1.480653  -13.062400      1.000 
   1.525645  -13.057650      1.000 
   1.570637  -13.043410      1.000 
   1.615630  -13.019750      1.000 
   1.660622  -12.986770      1.000 
   1.705614  -12.944670      1.000 
   1.750607  -12.893710      1.000 
   1.795599  -12.834200      1.000 
   1.840592  -12.766650      1.000 
   1.885584  -12.691710      1.000 
   1.930576  -12.610330      1.000 
   1.975569  -12.523890      1.000 
   2.020561  -12.434460      1.000 
   2.065553  -12.345230      1.000 
   2.110546  -12.261260      1.000 
   2.155538  -12.190810      1.000 
   2.200531  -12.146970      1.000 
   2.245523  -12.148570      1.000 
   2.290515  -12.215610      1.000 
   2.335508  -12.356080      1.000 
   2.335508  -12.356080      1.000 
   2.425492  -11.984950      1.000 
   2.515477  -11.576970      1.000 
   2.605462  -11.133910      1.000 
   2.695447  -10.656650      1.000 
   2.785431  -10.146310      1.000 
   2.875416   -9.604370      1.000 
   2.965401   -9.032810      1.000 
   3.055386   -8.434200      1.000 
   3.145370   -7.811960      1.000 
   3.235355   -7.170720      1.000 
   3.325340   -6.516740      1.000 
   3.415325   -6.178810      1.000 
   3.505309   -6.514590      1.000 
   3.595294   -6.800940      1.000 
   3.685279   -7.036670      1.000 
   3.775264   -7.220870      1.000 
   3.865248   -7.352890      1.000 
   3.955233   -7.432280      1.000 
   4.045218   -7.458770      1.000 
   4.045218   -7.458770      1.000 
   4.056241   -7.458770      1.000 
   4.067264   -7.458770      1.000 
   4.078287   -7.458770      1.000 
   4.089311   -7.458770      1.000 
   4.100334   -7.458770      1.000 
   4.111357   -7.458770      1.000 
   4.122380   -7.458770      1.000 
   4.133403   -7.458770      1.000 
   4.144426   -7.458770      1.000 
   4.155449   -7.458770      1.000 
   4.166472   -7.458770      1.000 
   4.177496   -7.458770      1.000 
   4.188519   -7.458770      1.000 
   4.199542   -7.458770      1.000 
   4.210565   -7.458770      1.000 
   4.221588   -7.458760      1.000 
   4.232611   -7.458760      1.000 
   4.243634   -7.458760      1.000 
   4.254657   -7.458760      1.000 
 
 
#k-dist(A^-1)  energy(eV)   weight,       4 -th eigen
   0.000000   -7.458760      1.000 
   0.077929   -7.438900      1.000 
   0.155858   -7.379340      1.000 
   0.233787   -7.280240      1.000 
   0.311716   -7.141850      1.000 
   0.389645   -6.964540      1.000 
   0.467574   -6.748840      1.000 
   0.545504   -6.495440      1.000 
   0.623433   -6.205280      1.000 
   0.701362   -6.813010      1.000 
   0.779291   -7.513210      1.000 
   0.857220   -8.219100      1.000 
   0.935149   -8.923920      1.000 
   1.013078   -9.621930      1.000 
   1.091007  -10.308030      1.000 
   1.168936  -10.977210      1.000 
   1.246865  -11.623290      1.000 
   1.324794  -12.235110      1.000 
   1.402723  -12.776920      1.000 
   1.480653  -13.062400      1.000 
   1.480653  -13.062400      1.000 
   1.525645  -13.057640      1.000 
   1.570637  -13.043410      1.000 
   1.615630  -13.019740      1.000 
   1.660622  -12.986760      1.000 
   1.705614  -12.944670      1.000 
   1.750607  -12.893700      1.000 
   1.795599  -12.834190      1.000 
   1.840592  -12.766640      1.000 
   1.885584  -12.691700      1.000 
   1.930576  -12.610320      1.000 
   1.975569  -12.523880      1.000 
   2.020561  -12.434450      1.000 
   2.065553  -12.345220      1.000 
   2.110546  -12.261260      1.000 
   2.155538  -12.190800      1.000 
   2.200531  -12.146960      1.000 
   2.245523  -12.148560      1.000 
   2.290515  -12.215610      1.000 
   2.335508  -12.356080      1.000 
   2.335508  -12.356080      1.000 
   2.425492  -11.984950      1.000 
   2.515477  -11.576970      1.000 
   2.605462  -11.133910      1.000 
   2.695447  -10.656640      1.000 
   2.785431  -10.146300      1.000 
   2.875416   -9.604370      1.000 
   2.965401   -9.032800      1.000 
   3.055386   -8.434200      1.000 
   3.145370   -7.811960      1.000 
   3.235355   -7.170720      1.000 
   3.325340   -6.516740      1.000 
   3.415325   -6.178810      1.000 
   3.505309   -6.514590      1.000 
   3.595294   -6.800940      1.000 
   3.685279   -7.036670      1.000 
   3.775264   -7.220870      1.000 
   3.865248   -7.352890      1.000 
   3.955233   -7.432270      1.000 
   4.045218   -7.458760      1.000 
   4.045218   -7.458760      1.000 
   4.056241   -7.458760      1.000 
   4.067264   -7.458760      1.000 
   4.078287   -7.458760      1.000 
   4.089311   -7.458770      1.000 
   4.100334   -7.458770      1.000 
   4.111357   -7.458770      1.000 
   4.122380   -7.458770      1.000 
   4.133403   -7.458770      1.000 
   4.144426   -7.458760      1.000 
   4.155449   -7.458760      1.000 
   4.166472   -7.458760      1.000 
   4.177496   -7.458760      1.000 
   4.188519   -7.458760      1.000 
   4.199542   -7.458760      1.000 
   4.210565   -7.458760      1.000 
   4.221588   -7.458760      1.000 
   4.232611   -7.458760      1.000 
   4.243634   -7.458760      1.000 
   4.254657   -7.458760      1.000 
 
 
#k-dist(A^-1)  energy(eV)   weight,       5 -th eigen
   0.000000   -2.735600      1.000 
   0.077929   -2.800280      1.000 
   0.155858   -3.001170      1.000 
   0.233787   -3.323210      1.000 
   0.311716   -3.749020      1.000 
   0.389645   -4.259700      1.000 
   0.467574   -4.836880      1.000 
   0.545504   -5.463940      1.000 
   0.623433   -6.126610      1.000 
   0.701362   -5.879570      1.000 
   0.779291   -5.520000      1.000 
   0.857220   -5.160510      1.000 
   0.935149   -5.387540      1.000 
   1.013078   -5.589380      1.000 
   1.091007   -5.763590      1.000 
   1.168936   -5.908350      1.000 
   1.246865   -6.022250      1.000 
   1.324794   -6.104280      1.000 
   1.402723   -6.153770      1.000 
   1.480653   -6.170310      1.000 
   1.480653   -6.170310      1.000 
   1.525645   -6.195210      1.000 
   1.570637   -6.269110      1.000 
   1.615630   -6.389680      1.000 
   1.660622   -6.553360      1.000 
   1.705614   -6.755650      1.000 
   1.750607   -6.991550      1.000 
   1.795599   -7.255820      1.000 
   1.840592   -7.543230      1.000 
   1.885584   -7.848690      1.000 
   1.930576   -8.167220      1.000 
   1.975569   -8.493870      1.000 
   2.020561   -8.823480      1.000 
   2.065553   -9.150170      1.000 
   2.110546   -9.466540      1.000 
   2.155538   -9.762420      1.000 
   2.200531  -10.023020      1.000 
   2.245523  -10.228180      1.000 
   2.290515  -10.356710      1.000 
   2.335508  -10.398530      1.000 
   2.335508  -10.398530      1.000 
   2.425492  -10.266720      1.000 
   2.515477   -9.962450      1.000 
   2.605462   -9.568010      1.000 
   2.695447   -9.117940      1.000 
   2.785431   -8.628490      1.000 
   2.875416   -8.109580      1.000 
   2.965401   -7.568940      1.000 
   3.055386   -7.013830      1.000 
   3.145370   -6.451880      1.000 
   3.235355   -5.891480      1.000 
   3.325340   -5.795150      1.000 
   3.415325   -5.858530      1.000 
   3.505309   -5.207720      1.000 
   3.595294   -4.580210      1.000 
   3.685279   -3.997480      1.000 
   3.775264   -3.487410      1.000 
   3.865248   -3.083770      1.000 
   3.955233   -2.822480      1.000 
   4.045218   -2.735600      1.000 
   4.045218   -2.735600      1.000 
   4.056241   -2.735600      1.000 
   4.067264   -2.735620      1.000 
   4.078287   -2.735620      1.000 
   4.089311   -2.735640      1.000 
   4.100334   -2.735640      1.000 
   4.111357   -2.735640      1.000 
   4.122380   -2.735640      1.000 
   4.133403   -2.735640      1.000 
   4.144426   -2.735650      1.000 
   4.155449   -2.735650      1.000 
   4.166472   -2.735650      1.000 
   4.177496   -2.735650      1.000 
   4.188519   -2.735650      1.000 
   4.199542   -2.735650      1.000 
   4.210565   -2.735650      1.000 
   4.221588   -2.735640      1.000 
   4.232611   -2.735640      1.000 
   4.243634   -2.735640      1.000 
   4.254657   -2.735640      1.000 
 
 
#k-dist(A^-1)  energy(eV)   weight,       6 -th eigen
   0.000000   -2.735600      1.000 
   0.077929   -2.800270      1.000 
   0.155858   -3.001170      1.000 
   0.233787   -3.323200      1.000 
   0.311716   -3.749010      1.000 
   0.389645   -4.259700      1.000 
   0.467574   -4.836880      1.000 
   0.545504   -5.463930      1.000 
   0.623433   -6.126610      1.000 
   0.701362   -5.879560      1.000 
   0.779291   -5.519990      1.000 
   0.857220   -5.160510      1.000 
   0.935149   -5.387540      1.000 
   1.013078   -5.589370      1.000 
   1.091007   -5.763590      1.000 
   1.168936   -5.908340      1.000 
   1.246865   -6.022240      1.000 
   1.324794   -6.104280      1.000 
   1.402723   -6.153760      1.000 
   1.480653   -6.170300      1.000 
   1.480653   -6.170300      1.000 
   1.525645   -6.195200      1.000 
   1.570637   -6.269100      1.000 
   1.615630   -6.389680      1.000 
   1.660622   -6.553350      1.000 
   1.705614   -6.755640      1.000 
   1.750607   -6.991550      1.000 
   1.795599   -7.255810      1.000 
   1.840592   -7.543230      1.000 
   1.885584   -7.848680      1.000 
   1.930576   -8.167210      1.000 
   1.975569   -8.493870      1.000 
   2.020561   -8.823480      1.000 
   2.065553   -9.150160      1.000 
   2.110546   -9.466530      1.000 
   2.155538   -9.762410      1.000 
   2.200531  -10.023020      1.000 
   2.245523  -10.228180      1.000 
   2.290515  -10.356700      1.000 
   2.335508  -10.398530      1.000 
   2.335508  -10.398530      1.000 
   2.425492  -10.266710      1.000 
   2.515477   -9.962450      1.000 
   2.605462   -9.568010      1.000 
   2.695447   -9.117940      1.000 
   2.785431   -8.628490      1.000 
   2.875416   -8.109580      1.000 
   2.965401   -7.568940      1.000 
   3.055386   -7.013830      1.000 
   3.145370   -6.451870      1.000 
   3.235355   -5.891480      1.000 
   3.325340   -5.795150      1.000 
   3.415325   -5.858530      1.000 
   3.505309   -5.207720      1.000 
   3.595294   -4.580210      1.000 
   3.685279   -3.997480      1.000 
   3.775264   -3.487400      1.000 
   3.865248   -3.083770      1.000 
   3.955233   -2.822470      1.000 
   4.045218   -2.735600      1.000 
   4.045218   -2.735600      1.000 
   4.056241   -2.735600      1.000 
   4.067264   -2.735620      1.000 
   4.078287   -2.735620      1.000 
   4.089311   -2.735640      1.000 
   4.100334   -2.735640      1.000 
   4.111357   -2.735640      1.000 
   4.122380   -2.735640      1.000 
   4.133403   -2.735640      1.000 
   4.144426   -2.735640      1.000 
   4.155449   -2.735640      1.000 
   4.166472   -2.735640      1.000 
   4.177496   -2.735640      1.000 
   4.188519   -2.735640      1.000 
   4.199542   -2.735640      1.000 
   4.210565   -2.735640      1.000 
   4.221588   -2.735640      1.000 
   4.232611   -2.735640      1.000 
   4.243634   -2.735640      1.000 
   4.254657   -2.735640      1.000 
 
 
#k-dist(A^-1)  energy(eV)   weight,       7 -th eigen
   0.000000   -2.726300      1.000 
   0.077929   -2.767040      1.000 
   0.155858   -2.874580      1.000 
   0.233787   -3.043170      1.000 
   0.311716   -3.260810      1.000 
   0.389645   -3.513930      1.000 
   0.467574   -3.789450      1.000 
   0.545504   -4.075790      1.000 
   0.623433   -4.363240      1.000 
   0.701362   -4.643840      1.000 
   0.779291   -4.911260      1.000 
   0.857220   -5.128820      1.000 
   0.935149   -4.709430      1.000 
   1.013078   -4.266550      1.000 
   1.091007   -3.807640      1.000 
   1.168936   -3.344770      1.000 
   1.246865   -2.898270      1.000 
   1.324794   -2.503380      1.000 
   1.402723   -2.217100      1.000 
   1.480653   -2.109630      1.000 
   1.480653   -2.109630      1.000 
   1.525645   -2.102880      1.000 
   1.570637   -2.082650      1.000 
   1.615630   -2.048930      1.000 
   1.660622   -2.001730      1.000 
   1.705614   -1.941090      1.000 
   1.750607   -1.867040      1.000 
   1.795599   -1.779610      1.000 
   1.840592   -1.678850      1.000 
   1.885584   -1.564800      1.000 
   1.930576   -1.437520      1.000 
   1.975569   -1.297090      1.000 
   2.020561   -1.143580      1.000 
   2.065553   -0.977080      1.000 
   2.110546   -0.797700      1.000 
   2.155538   -0.605520      1.000 
   2.200531   -0.400680      1.000 
   2.245523   -0.183340      1.000 
   2.290515    0.046440      1.000 
   2.335508    0.288370      1.000 
   2.335508    0.288370      1.000 
   2.425492   -0.238160      1.000 
   2.515477   -0.813330      1.000 
   2.605462   -1.418280      1.000 
   2.695447   -2.035770      1.000 
   2.785431   -2.651210      1.000 
   2.875416   -3.252860      1.000 
   2.965401   -3.831520      1.000 
   3.055386   -4.380010      1.000 
   3.145370   -4.892810      1.000 
   3.235355   -5.365620      1.000 
   3.325340   -5.342080      1.000 
   3.415325   -4.814310      1.000 
   3.505309   -4.319840      1.000 
   3.595294   -3.871200      1.000 
   3.685279   -3.481280      1.000 
   3.775264   -3.162460      1.000 
   3.865248   -2.925770      1.000 
   3.955233   -2.779680      1.000 
   4.045218   -2.726300      1.000 
   4.045218   -2.726300      1.000 
   4.056241   -2.726300      1.000 
   4.067264   -2.726320      1.000 
   4.078287   -2.726320      1.000 
   4.089311   -2.726340      1.000 
   4.100334   -2.726340      1.000 
   4.111357   -2.726340      1.000 
   4.122380   -2.726340      1.000 
   4.133403   -2.726340      1.000 
   4.144426   -2.726340      1.000 
   4.155449   -2.726340      1.000 
   4.166472   -2.726340      1.000 
   4.177496   -2.726340      1.000 
   4.188519   -2.726340      1.000 
   4.199542   -2.726340      1.000 
   4.210565   -2.726340      1.000 
   4.221588   -2.726340      1.000 
   4.232611   -2.726340      1.000 
   4.243634   -2.726340      1.000 
   4.254657   -2.726340      1.000 
 
 
#k-dist(A^-1)  energy(eV)   weight,       8 -th eigen
   0.000000   -2.726290      1.000 
   0.077929   -2.767030      1.000 
   0.155858   -2.874580      1.000 
   0.233787   -3.043170      1.000 
   0.311716   -3.260800      1.000 
   0.389645   -3.513920      1.000 
   0.467574   -3.789440      1.000 
   0.545504   -4.075790      1.000 
   0.623433   -4.363230      1.000 
   0.701362   -4.643840      1.000 
   0.779291   -4.911250      1.000 
   0.857220   -5.128820      1.000 
   0.935149   -4.709430      1.000 
   1.013078   -4.266550      1.000 
   1.091007   -3.807640      1.000 
   1.168936   -3.344770      1.000 
   1.246865   -2.898270      1.000 
   1.324794   -2.503380      1.000 
   1.402723   -2.217100      1.000 
   1.480653   -2.109630      1.000 
   1.480653   -2.109630      1.000 
   1.525645   -2.102880      1.000 
   1.570637   -2.082650      1.000 
   1.615630   -2.048920      1.000 
   1.660622   -2.001730      1.000 
   1.705614   -1.941090      1.000 
   1.750607   -1.867040      1.000 
   1.795599   -1.779610      1.000 
   1.840592   -1.678850      1.000 
   1.885584   -1.564800      1.000 
   1.930576   -1.437520      1.000 
   1.975569   -1.297090      1.000 
   2.020561   -1.143580      1.000 
   2.065553   -0.977080      1.000 
   2.110546   -0.797700      1.000 
   2.155538   -0.605520      1.000 
   2.200531   -0.400680      1.000 
   2.245523   -0.183340      1.000 
   2.290515    0.046440      1.000 
   2.335508    0.288370      1.000 
   2.335508    0.288370      1.000 
   2.425492   -0.238160      1.000 
   2.515477   -0.813330      1.000 
   2.605462   -1.418280      1.000 
   2.695447   -2.035770      1.000 
   2.785431   -2.651210      1.000 
   2.875416   -3.252860      1.000 
   2.965401   -3.831520      1.000 
   3.055386   -4.380010      1.000 
   3.145370   -4.892810      1.000 
   3.235355   -5.365620      1.000 
   3.325340   -5.342080      1.000 
   3.415325   -4.814300      1.000 
   3.505309   -4.319840      1.000 
   3.595294   -3.871200      1.000 
   3.685279   -3.481280      1.000 
   3.775264   -3.162460      1.000 
   3.865248   -2.925770      1.000 
   3.955233   -2.779680      1.000 
   4.045218   -2.726290      1.000 
   4.045218   -2.726290      1.000 
   4.056241   -2.726290      1.000 
   4.067264   -2.726310      1.000 
   4.078287   -2.726310      1.000 
   4.089311   -2.726330      1.000 
   4.100334   -2.726330      1.000 
   4.111357   -2.726330      1.000 
   4.122380   -2.726330      1.000 
   4.133403   -2.726330      1.000 
   4.144426   -2.726330      1.000 
   4.155449   -2.726330      1.000 
   4.166472   -2.726340      1.000 
   4.177496   -2.726340      1.000 
   4.188519   -2.726340      1.000 
   4.199542   -2.726340      1.000 
   4.210565   -2.726340      1.000 
   4.221588   -2.726330      1.000 
   4.232611   -2.726330      1.000 
   4.243634   -2.726330      1.000 
   4.254657   -2.726330      1.000 
 
 
#k-dist(A^-1)  energy(eV)   weight,       9 -th eigen
   0.000000    3.484460      1.000 
   0.077929    3.506970      1.000 
   0.155858    3.574510      1.000 
   0.233787    3.687090      1.000 
   0.311716    3.844720      1.000 
   0.389645    4.047380      1.000 
   0.467574    4.295010      1.000 
   0.545504    4.587540      1.000 
   0.623433    4.924840      1.000 
   0.701362    5.306710      1.000 
   0.779291    5.732880      1.000 
   0.857220    6.202850      1.000 
   0.935149    5.764830      1.000 
   1.013078    5.027650      1.000 
   1.091007    4.306530      1.000 
   1.168936    3.621400      1.000 
   1.246865    2.997760      1.000 
   1.324794    2.473990      1.000 
   1.402723    2.109510      1.000 
   1.480653    1.975810      1.000 
   1.480653    1.975810      1.000 
   1.525645    1.974380      1.000 
   1.570637    1.969860      1.000 
   1.615630    1.961910      1.000 
   1.660622    1.949820      1.000 
   1.705614    1.932620      1.000 
   1.750607    1.909100      1.000 
   1.795599    1.877810      1.000 
   1.840592    1.837040      1.000 
   1.885584    1.784960      1.000 
   1.930576    1.719580      1.000 
   1.975569    1.638880      1.000 
   2.020561    1.540930      1.000 
   2.065553    1.424060      1.000 
   2.110546    1.286930      1.000 
   2.155538    1.128700      1.000 
   2.200531    0.949110      1.000 
   2.245523    0.748420      1.000 
   2.290515    0.527690      1.000 
   2.335508    0.288400      1.000 
   2.335508    0.288400      1.000 
   2.425492    0.808210      1.000 
   2.515477    1.374410      1.000 
   2.605462    1.984880      1.000 
   2.695447    2.636940      1.000 
   2.785431    3.327410      1.000 
   2.875416    4.052350      1.000 
   2.965401    4.806700      1.000 
   3.055386    5.584360      1.000 
   3.145370    6.377720      1.000 
   3.235355    5.915180      1.000 
   3.325340    5.405810      1.000 
   3.415325    4.955840      1.000 
   3.505309    4.565570      1.000 
   3.595294    4.235220      1.000 
   3.685279    3.964890      1.000 
   3.775264    3.754660      1.000 
   3.865248    3.604530      1.000 
   3.955233    3.514480      1.000 
   4.045218    3.484460      1.000 
   4.045218    3.484460      1.000 
   4.056241    3.484650      1.000 
   4.067264    3.485220      1.000 
   4.078287    3.486160      1.000 
   4.089311    3.487450      1.000 
   4.100334    3.489060      1.000 
   4.111357    3.490950      1.000 
   4.122380    3.493090      1.000 
   4.133403    3.495430      1.000 
   4.144426    3.497900      1.000 
   4.155449    3.500460      1.000 
   4.166472    3.503020      1.000 
   4.177496    3.505520      1.000 
   4.188519    3.507880      1.000 
   4.199542    3.510030      1.000 
   4.210565    3.511910      1.000 
   4.221588    3.513440      1.000 
   4.232611    3.514570      1.000 
   4.243634    3.515270      1.000 
   4.254657    3.515510      1.000 
 
 
#k-dist(A^-1)  energy(eV)   weight,      10 -th eigen
   0.000000    3.486280      1.000 
   0.077929    3.508790      1.000 
   0.155858    3.576310      1.000 
   0.233787    3.688880      1.000 
   0.311716    3.846490      1.000 
   0.389645    4.049130      1.000 
   0.467574    4.296740      1.000 
   0.545504    4.589240      1.000 
   0.623433    4.926500      1.000 
   0.701362    5.308330      1.000 
   0.779291    5.734450      1.000 
   0.857220    6.204360      1.000 
   0.935149    5.764830      1.000 
   1.013078    5.027650      1.000 
   1.091007    4.306530      1.000 
   1.168936    3.621400      1.000 
   1.246865    2.997760      1.000 
   1.324794    2.474000      1.000 
   1.402723    2.109510      1.000 
   1.480653    1.975820      1.000 
   1.480653    1.975820      1.000 
   1.525645    1.974380      1.000 
   1.570637    1.969860      1.000 
   1.615630    1.961910      1.000 
   1.660622    1.949820      1.000 
   1.705614    1.932620      1.000 
   1.750607    1.909100      1.000 
   1.795599    1.877820      1.000 
   1.840592    1.837050      1.000 
   1.885584    1.784970      1.000 
   1.930576    1.719580      1.000 
   1.975569    1.638880      1.000 
   2.020561    1.540930      1.000 
   2.065553    1.424070      1.000 
   2.110546    1.286930      1.000 
   2.155538    1.128700      1.000 
   2.200531    0.949110      1.000 
   2.245523    0.748430      1.000 
   2.290515    0.527690      1.000 
   2.335508    0.288400      1.000 
   2.335508    0.288400      1.000 
   2.425492    0.808210      1.000 
   2.515477    1.374410      1.000 
   2.605462    1.984880      1.000 
   2.695447    2.636940      1.000 
   2.785431    3.327410      1.000 
   2.875416    4.052350      1.000 
   2.965401    4.806700      1.000 
   3.055386    5.584360      1.000 
   3.145370    6.377720      1.000 
   3.235355    5.916750      1.000 
   3.325340    5.407430      1.000 
   3.415325    4.957500      1.000 
   3.505309    4.567270      1.000 
   3.595294    4.236950      1.000 
   3.685279    3.966650      1.000 
   3.775264    3.756440      1.000 
   3.865248    3.606330      1.000 
   3.955233    3.516290      1.000 
   4.045218    3.486280      1.000 
   4.045218    3.486280      1.000 
   4.056241    3.486460      1.000 
   4.067264    3.487020      1.000 
   4.078287    3.487930      1.000 
   4.089311    3.489180      1.000 
   4.100334    3.490750      1.000 
   4.111357    3.492590      1.000 
   4.122380    3.494670      1.000 
   4.133403    3.496930      1.000 
   4.144426    3.499340      1.000 
   4.155449    3.501810      1.000 
   4.166472    3.504300      1.000 
   4.177496    3.506720      1.000 
   4.188519    3.509000      1.000 
   4.199542    3.511090      1.000 
   4.210565    3.512900      1.000 
   4.221588    3.514380      1.000 
   4.232611    3.515480      1.000 
   4.243634    3.516150      1.000 
   4.254657    3.516380      1.000 
 
 
#k-dist(A^-1)  energy(eV)   weight,      11 -th eigen
   0.000000    4.386720      1.000 
   0.077929    4.409440      1.000 
   0.155858    4.477620      1.000 
   0.233787    4.591200      1.000 
   0.311716    4.750110      1.000 
   0.389645    4.954250      1.000 
   0.467574    5.203410      1.000 
   0.545504    5.497200      1.000 
   0.623433    5.834760      1.000 
   0.701362    6.213250      1.000 
   0.779291    6.611540      1.000 
   0.857220    6.481820      1.000 
   0.935149    6.715560      1.000 
   1.013078    7.267450      1.000 
   1.091007    7.822640      1.000 
   1.168936    7.966310      1.000 
   1.246865    7.925920      1.000 
   1.324794    7.889140      1.000 
   1.402723    7.865810      1.000 
   1.480653    7.857880      1.000 
   1.480653    7.857880      1.000 
   1.525645    7.891510      1.000 
   1.570637    7.991520      1.000 
   1.615630    8.155460      1.000 
   1.660622    8.379370      1.000 
   1.705614    8.658240      1.000 
   1.750607    8.986470      1.000 
   1.795599    9.357880      1.000 
   1.840592    9.765820      1.000 
   1.885584   10.203650      1.000 
   1.930576   10.664120      1.000 
   1.975569   11.138990      1.000 
   2.020561   11.578160      1.000 
   2.065553   11.422170      1.000 
   2.110546   11.279450      1.000 
   2.155538   11.156960      1.000 
   2.200531   11.059510      1.000 
   2.245523   10.989870      1.000 
   2.290515   10.948970      1.000 
   2.335508   10.935850      1.000 
   2.335508   10.935850      1.000 
   2.425492   10.979310      1.000 
   2.515477   11.063620      1.000 
   2.605462   11.045610      1.000 
   2.695447   10.168260      1.000 
   2.785431    9.326890      1.000 
   2.875416    8.533910      1.000 
   2.965401    7.794130      1.000 
   3.055386    7.110150      1.000 
   3.145370    6.483510      1.000 
   3.235355    6.825530      1.000 
   3.325340    6.317130      1.000 
   3.415325    5.866680      1.000 
   3.505309    5.475150      1.000 
   3.595294    5.143170      1.000 
   3.685279    4.871130      1.000 
   3.775264    4.659320      1.000 
   3.865248    4.507910      1.000 
   3.955233    4.417020      1.000 
   4.045218    4.386720      1.000 
   4.045218    4.386720      1.000 
   4.056241    4.384570      1.000 
   4.067264    4.378310      1.000 
   4.078287    4.368490      1.000 
   4.089311    4.355810      1.000 
   4.100334    4.341050      1.000 
   4.111357    4.324950      1.000 
   4.122380    4.308150      1.000 
   4.133403    4.291180      1.000 
   4.144426    4.274490      1.000 
   4.155449    4.258440      1.000 
   4.166472    4.243340      1.000 
   4.177496    4.229450      1.000 
   4.188519    4.216980      1.000 
   4.199542    4.206120      1.000 
   4.210565    4.197020      1.000 
   4.221588    4.189810      1.000 
   4.232611    4.184590      1.000 
   4.243634    4.181430      1.000 
   4.254657    4.180370      1.000 
 
 
#k-dist(A^-1)  energy(eV)   weight,      12 -th eigen
   0.000000    4.389870      1.000 
   0.077929    4.412590      1.000 
   0.155858    4.480760      1.000 
   0.233787    4.594330      1.000 
   0.311716    4.753230      1.000 
   0.389645    4.957350      1.000 
   0.467574    5.206480      1.000 
   0.545504    5.500240      1.000 
   0.623433    5.837750      1.000 
   0.701362    6.216170      1.000 
   0.779291    6.614150      1.000 
   0.857220    6.481930      1.000 
   0.935149    6.717010      1.000 
   1.013078    7.268800      1.000 
   1.091007    7.823560      1.000 
   1.168936    7.966330      1.000 
   1.246865    7.925930      1.000 
   1.324794    7.889150      1.000 
   1.402723    7.865810      1.000 
   1.480653    7.857880      1.000 
   1.480653    7.857880      1.000 
   1.525645    7.891510      1.000 
   1.570637    7.991530      1.000 
   1.615630    8.155460      1.000 
   1.660622    8.379370      1.000 
   1.705614    8.658250      1.000 
   1.750607    8.986470      1.000 
   1.795599    9.357880      1.000 
   1.840592    9.765820      1.000 
   1.885584   10.203670      1.000 
   1.930576   10.664130      1.000 
   1.975569   11.138990      1.000 
   2.020561   11.578260      1.000 
   2.065553   11.422240      1.000 
   2.110546   11.279500      1.000 
   2.155538   11.157000      1.000 
   2.200531   11.059540      1.000 
   2.245523   10.989900      1.000 
   2.290515   10.948990      1.000 
   2.335508   10.935870      1.000 
   2.335508   10.935870      1.000 
   2.425492   10.979330      1.000 
   2.515477   11.063680      1.000 
   2.605462   11.045880      1.000 
   2.695447   10.169300      1.000 
   2.785431    9.328050      1.000 
   2.875416    8.535190      1.000 
   2.965401    7.795490      1.000 
   3.055386    7.111580      1.000 
   3.145370    6.485010      1.000 
   3.235355    6.828400      1.000 
   3.325340    6.320080      1.000 
   3.415325    5.869680      1.000 
   3.505309    5.478200      1.000 
   3.595294    5.146260      1.000 
   3.685279    4.874240      1.000 
   3.775264    4.662450      1.000 
   3.865248    4.511050      1.000 
   3.955233    4.420170      1.000 
   4.045218    4.389870      1.000 
   4.045218    4.389870      1.000 
   4.056241    4.387820      1.000 
   4.067264    4.381840      1.000 
   4.078287    4.372430      1.000 
   4.089311    4.360250      1.000 
   4.100334    4.346030      1.000 
   4.111357    4.330460      1.000 
   4.122380    4.314160      1.000 
   4.133403    4.297670      1.000 
   4.144426    4.281410      1.000 
   4.155449    4.265750      1.000 
   4.166472    4.251010      1.000 
   4.177496    4.237430      1.000 
   4.188519    4.225230      1.000 
   4.199542    4.214600      1.000 
   4.210565    4.205690      1.000 
   4.221588    4.198630      1.000 
   4.232611    4.193510      1.000 
   4.243634    4.190410      1.000 
   4.254657    4.189370      1.000 
 
 
#k-dist(A^-1)  energy(eV)   weight,      13 -th eigen
   0.000000    4.874240      1.000 
   0.077929    4.897160      1.000 
   0.155858    4.965910      1.000 
   0.233787    5.080510      1.000 
   0.311716    5.240970      1.000 
   0.389645    5.447280      1.000 
   0.467574    5.699430      1.000 
   0.545504    5.997380      1.000 
   0.623433    6.341030      1.000 
   0.701362    6.730250      1.000 
   0.779291    7.164560      1.000 
   0.857220    7.190080      1.000 
   0.935149    7.675300      1.000 
   1.013078    8.158210      1.000 
   1.091007    8.128990      1.000 
   1.168936    8.561950      1.000 
   1.246865    9.233770      1.000 
   1.324794    9.957160      1.000 
   1.402723   10.720710      1.000 
   1.480653   11.451700      1.000 
   1.480653   11.451700      1.000 
   1.525645   11.458240      1.000 
   1.570637   11.477850      1.000 
   1.615630   11.510460      1.000 
   1.660622   11.555960      1.000 
   1.705614   11.614160      1.000 
   1.750607   11.684830      1.000 
   1.795599   11.767670      1.000 
   1.840592   11.862240      1.000 
   1.885584   11.968010      1.000 
   1.930576   11.892940      1.000 
   1.975569   11.738560      1.000 
   2.020561   11.617570      1.000 
   2.065553   12.084410      1.000 
   2.110546   12.510780      1.000 
   2.155538   12.779330      1.000 
   2.200531   12.926000      1.000 
   2.245523   13.067010      1.000 
   2.290515   13.197080      1.000 
   2.335508   13.308740      1.000 
   2.335508   13.308740      1.000 
   2.425492   12.782290      1.000 
   2.515477   11.943130      1.000 
   2.605462   11.048270      1.000 
   2.695447   10.706690      1.000 
   2.785431   10.084980      1.000 
   2.875416    9.377420      1.000 
   2.965401    8.674960      1.000 
   3.055386    8.008570      1.000 
   3.145370    7.390280      1.000 
   3.235355    7.177250      1.000 
   3.325340    6.831050      1.000 
   3.415325    6.372370      1.000 
   3.505309    5.974820      1.000 
   3.595294    5.638450      1.000 
   3.685279    5.363280      1.000 
   3.775264    5.149290      1.000 
   3.865248    4.996470      1.000 
   3.955233    4.904800      1.000 
   4.045218    4.874240      1.000 
   4.045218    4.874240      1.000 
   4.056241    4.877540      1.000 
   4.067264    4.887230      1.000 
   4.078287    4.902790      1.000 
   4.089311    4.923450      1.000 
   4.100334    4.948420      1.000 
   4.111357    4.976920      1.000 
   4.122380    5.008220      1.000 
   4.133403    5.041710      1.000 
   4.144426    5.076790      1.000 
   4.155449    5.112900      1.000 
   4.166472    5.149460      1.000 
   4.177496    5.185830      1.000 
   4.188519    5.221270      1.000 
   4.199542    5.254870      1.000 
   4.210565    5.285500      1.000 
   4.221588    5.311810      1.000 
   4.232611    5.332260      1.000 
   4.243634    5.345340      1.000 
   4.254657    5.349840      1.000 
 
 
#k-dist(A^-1)  energy(eV)   weight,      14 -th eigen
   0.000000    4.894030      1.000 
   0.077929    4.916940      1.000 
   0.155858    4.985700      1.000 
   0.233787    5.100310      1.000 
   0.311716    5.260770      1.000 
   0.389645    5.467080      1.000 
   0.467574    5.719240      1.000 
   0.545504    6.017190      1.000 
   0.623433    6.360850      1.000 
   0.701362    6.750060      1.000 
   0.779291    7.184350      1.000 
   0.857220    7.192950      1.000 
   0.935149    7.678200      1.000 
   1.013078    8.158650      1.000 
   1.091007    8.129520      1.000 
   1.168936    8.563270      1.000 
   1.246865    9.235010      1.000 
   1.324794    9.958300      1.000 
   1.402723   10.721740      1.000 
   1.480653   11.452160      1.000 
   1.480653   11.452160      1.000 
   1.525645   11.458700      1.000 
   1.570637   11.478310      1.000 
   1.615630   11.510910      1.000 
   1.660622   11.556410      1.000 
   1.705614   11.614600      1.000 
   1.750607   11.685260      1.000 
   1.795599   11.768070      1.000 
   1.840592   11.862630      1.000 
   1.885584   11.968390      1.000 
   1.930576   11.893210      1.000 
   1.975569   11.738720      1.000 
   2.020561   11.617600      1.000 
   2.065553   12.084450      1.000 
   2.110546   12.510820      1.000 
   2.155538   12.779520      1.000 
   2.200531   12.926170      1.000 
   2.245523   13.067150      1.000 
   2.290515   13.197190      1.000 
   2.335508   13.308790      1.000 
   2.335508   13.308780      1.000 
   2.425492   12.782660      1.000 
   2.515477   11.943800      1.000 
   2.605462   11.049140      1.000 
   2.695447   10.707690      1.000 
   2.785431   10.086730      1.000 
   2.875416    9.379620      1.000 
   2.965401    8.677430      1.000 
   3.055386    8.011230      1.000 
   3.145370    7.393060      1.000 
   3.235355    7.177250      1.000 
   3.325340    6.850890      1.000 
   3.415325    6.392190      1.000 
   3.505309    5.994640      1.000 
   3.595294    5.658260      1.000 
   3.685279    5.383070      1.000 
   3.775264    5.169080      1.000 
   3.865248    5.016260      1.000 
   3.955233    4.924580      1.000 
   4.045218    4.894030      1.000 
   4.045218    4.894030      1.000 
   4.056241    4.897230      1.000 
   4.067264    4.906650      1.000 
   4.078287    4.921810      1.000 
   4.089311    4.942000      1.000 
   4.100334    4.966470      1.000 
   4.111357    4.994480      1.000 
   4.122380    5.025320      1.000 
   4.133403    5.058380      1.000 
   4.144426    5.093080      1.000 
   4.155449    5.128860      1.000 
   4.166472    5.165130      1.000 
   4.177496    5.201250      1.000 
   4.188519    5.236480      1.000 
   4.199542    5.269900      1.000 
   4.210565    5.300400      1.000 
   4.221588    5.326600      1.000 
   4.232611    5.346980      1.000 
   4.243634    5.360020      1.000 
   4.254657    5.364510      1.000 
 
 
#k-dist(A^-1)  energy(eV)   weight,      15 -th eigen
   0.000000    6.745870      1.000 
   0.077929    6.768460      1.000 
   0.155858    6.836180      1.000 
   0.233787    6.949010      1.000 
   0.311716    7.106800      1.000 
   0.389645    7.309350      1.000 
   0.467574    7.556180      1.000 
   0.545504    7.845730      1.000 
   0.623433    8.166460      1.000 
   0.701362    8.011380      1.000 
   0.779291    7.329430      1.000 
   0.857220    7.642100      1.000 
   0.935149    8.128120      1.000 
   1.013078    8.231040      1.000 
   1.091007    8.834160      1.000 
   1.168936    9.480990      1.000 
   1.246865   10.169440      1.000 
   1.324794   10.896960      1.000 
   1.402723   11.658400      1.000 
   1.480653   11.600470      1.000 
   1.480653   11.600470      1.000 
   1.525645   11.607420      1.000 
   1.570637   11.628250      1.000 
   1.615630   11.662940      1.000 
   1.660622   11.711400      1.000 
   1.705614   11.773530      1.000 
   1.750607   11.849170      1.000 
   1.795599   11.938170      1.000 
   1.840592   12.040300      1.000 
   1.885584   12.030930      1.000 
   1.930576   12.084300      1.000 
   1.975569   12.210160      1.000 
   2.020561   12.344410      1.000 
   2.065553   12.485490      1.000 
   2.110546   12.631400      1.000 
   2.155538   12.843560      1.000 
   2.200531   13.068810      1.000 
   2.245523   13.229720      1.000 
   2.290515   13.328530      1.000 
   2.335508   13.312580      1.000 
   2.335508   13.312580      1.000 
   2.425492   13.466600      1.000 
   2.515477   13.587420      1.000 
   2.605462   12.668260      1.000 
   2.695447   11.737010      1.000 
   2.785431   10.858240      1.000 
   2.875416   10.036970      1.000 
   2.965401    9.274940      1.000 
   3.055386    8.572960      1.000 
   3.145370    7.931490      1.000 
   3.235355    7.350800      1.000 
   3.325340    7.971510      1.000 
   3.415325    8.213710      1.000 
   3.505309    7.826040      1.000 
   3.595294    7.496910      1.000 
   3.685279    7.226970      1.000 
   3.775264    7.016670      1.000 
   3.865248    6.866280      1.000 
   3.955233    6.775980      1.000 
   4.045218    6.745870      1.000 
   4.045218    6.745870      1.000 
   4.056241    6.739050      1.000 
   4.067264    6.719330      1.000 
   4.078287    6.688660      1.000 
   4.089311    6.649460      1.000 
   4.100334    6.604050      1.000 
   4.111357    6.554390      1.000 
   4.122380    6.502040      1.000 
   4.133403    6.448220      1.000 
   4.144426    6.393910      1.000 
   4.155449    6.339950      1.000 
   4.166472    6.287130      1.000 
   4.177496    6.236190      1.000 
   4.188519    6.188000      1.000 
   4.199542    6.143530      1.000 
   4.210565    6.103940      1.000 
   4.221588    6.070640      1.000 
   4.232611    6.045180      1.000 
   4.243634    6.029100      1.000 
   4.254657    6.023590      1.000 
 
 
#k-dist(A^-1)  energy(eV)   weight,      16 -th eigen
   0.000000    6.758910      1.000 
   0.077929    6.781490      1.000 
   0.155858    6.849220      1.000 
   0.233787    6.962040      1.000 
   0.311716    7.119830      1.000 
   0.389645    7.322370      1.000 
   0.467574    7.569190      1.000 
   0.545504    7.858710      1.000 
   0.623433    8.179000      1.000 
   0.701362    8.015000      1.000 
   0.779291    7.329920      1.000 
   0.857220    7.661720      1.000 
   0.935149    8.141840      1.000 
   1.013078    8.233860      1.000 
   1.091007    8.836890      1.000 
   1.168936    9.483620      1.000 
   1.246865   10.171960      1.000 
   1.324794   10.899330      1.000 
   1.402723   11.660600      1.000 
   1.480653   11.601990      1.000 
   1.480653   11.601990      1.000 
   1.525645   11.608940      1.000 
   1.570637   11.629760      1.000 
   1.615630   11.664440      1.000 
   1.660622   11.712890      1.000 
   1.705614   11.774990      1.000 
   1.750607   11.850600      1.000 
   1.795599   11.939570      1.000 
   1.840592   12.041660      1.000 
   1.885584   12.031370      1.000 
   1.930576   12.084650      1.000 
   1.975569   12.210490      1.000 
   2.020561   12.344700      1.000 
   2.065553   12.485750      1.000 
   2.110546   12.631640      1.000 
   2.155538   12.846670      1.000 
   2.200531   13.069080      1.000 
   2.245523   13.229980      1.000 
   2.290515   13.328680      1.000 
   2.335508   13.312630      1.000 
   2.335508   13.312620      1.000 
   2.425492   13.467390      1.000 
   2.515477   13.590210      1.000 
   2.605462   12.687680      1.000 
   2.695447   11.756750      1.000 
   2.785431   10.878070      1.000 
   2.875416   10.056830      1.000 
   2.965401    9.294800      1.000 
   3.055386    8.592820      1.000 
   3.145370    7.951340      1.000 
   3.235355    7.370640      1.000 
   3.325340    7.972950      1.000 
   3.415325    8.226700      1.000 
   3.505309    7.839040      1.000 
   3.595294    7.509920      1.000 
   3.685279    7.240000      1.000 
   3.775264    7.029700      1.000 
   3.865248    6.879320      1.000 
   3.955233    6.789020      1.000 
   4.045218    6.758910      1.000 
   4.045218    6.758910      1.000 
   4.056241    6.752060      1.000 
   4.067264    6.732270      1.000 
   4.078287    6.701500      1.000 
   4.089311    6.662190      1.000 
   4.100334    6.616680      1.000 
   4.111357    6.566930      1.000 
   4.122380    6.514510      1.000 
   4.133403    6.460630      1.000 
   4.144426    6.406290      1.000 
   4.155449    6.352300      1.000 
   4.166472    6.299450      1.000 
   4.177496    6.248510      1.000 
   4.188519    6.200310      1.000 
   4.199542    6.155830      1.000 
   4.210565    6.116240      1.000 
   4.221588    6.082930      1.000 
   4.232611    6.057460      1.000 
   4.243634    6.041370      1.000 
   4.254657    6.035860      1.000 
 
 
